-113.0 -12.110491447796694 197.77301026368008
-112.0 -12.303642256645658 199.8369528388576
-111.0 -12.490678543577348 201.80555368918138
-110.0 -12.671891824867132 203.68206735837214
-109.0 -12.84756639218436 205.46967999138178
-108.0 -13.017979385234645 207.17151005209706
-107.0 -13.18340086440215 208.79060904104364
-106.0 -13.344093883391897 210.32996221308971
-105.0 -13.500314561872042 211.79248929514998
-104.0 -13.652312158116167 213.1810452038895
-103.0 -13.800329141645578 214.49842076342736
-102.0 -13.944601265871583 215.74734342304075
-101.0 -14.085357640737804 216.93047797486855
-100.0 -14.222820805362439 218.05042727161538
-99.0 -14.357206800680578 219.10973294425537
-98.0 -14.48872524208648 220.11087611973593
-97.0 -14.617579392075863 221.05627813868162
-96.0 -14.743966232888207 221.94830127309808
-95.0 -14.868076539149024 222.78924944407575
-94.0 -14.990094950512173 223.58136893949376
-93.0 -15.110200044302125 224.32684913172372
-92.0 -15.228564408156277 225.02782319533367
-91.0 -15.345354712667229 225.68636882479183
-90.0 -15.460731784025075 226.30450895217035
-89.0 -15.574850676659697 226.8842124648494
-88.0 -15.687860745883054 227.42739492322082
-87.0 -15.799905720531479 227.93591927839188
-86.0 -15.911123775607955 228.41159658988937
-85.0 -16.021647604924418 228.85618674336325
-84.0 -16.13160449374405 229.27139916829051
-83.0 -16.241116391423553 229.65889355567913
-82.0 -16.35029998405546 230.0202805757717
-81.0 -16.4592667671104 230.3571225957495
-80.0 -16.568123118079427 230.67093439743613
-79.0 -16.676970369116265 230.96318389500146
-78.0 -16.785904879679634 231.2352928526655
-77.0 -16.89501810917553 231.48863760240215
-76.0 -17.004396689599503 231.724549761643
-75.0 -17.114122498178965 231.94431695098137
-74.0 -17.22427273001547 232.14918351187592
-73.0 -17.33491997072701 232.34035122435458
-72.0 -17.446132269090306 232.5189800247185
-71.0 -17.55797320968309 232.68618872324564
-70.0 -17.670501985526403 232.84305572189484
-69.0 -17.78377347072689 232.99061973200955
-68.0 -17.897838293119076 233.12988049202164
-67.0 -18.012742906907672 233.26179948515534
-66.0 -18.128529665309856 233.38730065713096
-65.0 -18.24523689319757 233.50727113386887
-64.0 -18.3628989597398 233.62256193919313
-63.0 -18.481546351044877 233.7339887125356
-62.0 -18.60120574280277 233.84233242663947
-61.0 -18.721900072927355 233.9483401052634
-60.0 -18.843648614198738 234.05272554088512
-59.0 -18.96646704690552 234.15617001240543
-58.0 -19.090367531487104 234.2593230028519
-57.0 -19.215358781175965 234.3628029170828
-56.0 -19.34144613463996 234.467197799491
-55.0 -19.468631628624614 234.5730660517076
-54.0 -19.596914070595403 234.68093715030594
-53.0 -19.726289111380062 234.79131236450542
-52.0 -19.856749317810845 234.90466547387527
-51.0 -19.988284245366852 235.02144348603844
-50.0 -20.120880510816292 235.14206735437543
-49.0 -20.25452186485878 235.26693269572806
-48.0 -20.38918926476764 235.39641050810346
-47.0 -20.524860947032185 235.53084788837776
-46.0 -20.6615125 235.67056875
-45.0 -20.79911693651925 235.81587454069592
-44.0 -20.937644766580963 235.96704496017185
-43.0 -21.07706406996131 236.12433867781857
-42.0 -21.217340568863914 236.28799405041502
-41.0 -21.358437700562128 236.4582298398323
-40.0 -21.500316690041334 236.6352459307374
-39.0 -21.64293662264122 236.819224048297
-38.0 -21.786254516698083 237.0103284758815
-37.0 -21.93022539618712 237.20870677276864
-36.0 -22.07480236336471 237.4144904918475
-35.0 -22.21993667141071 237.62779589732213
-34.0 -22.36557779707075 237.84872468241574
-33.0 -22.5116735132985 238.07736468707415
-32.0 -22.658169961898004 238.31379061566986
-31.0 -22.80501172616593 238.55806475470584
-30.0 -22.95214190353387 238.81023769051933
-29.0 -23.099502178210656 239.07034902698572
-28.0 -23.247032893824613 239.3384281032224
-27.0 -23.394673126065875 239.61449471129254
-26.0 -23.542360755328666 239.89855981390892
-25.0 -23.690032539353595 240.1906262621379
-24.0 -23.837624185869938 240.49068951310306
-23.0 -23.985070425237947 240.7987383476892
-22.0 -24.13230508309111 241.11475558824614
-21.0 -24.27926115297848 241.43871881629246
-20.0 -24.42587086900693 241.77060109021951
-19.0 -24.57206577848346 242.11037166299505
-18.0 -24.717776814557496 242.45799669986727
-17.0 -24.86293436886316 242.81343999606852
-16.0 -25.007468364161582 243.17666369451916
-15.0 -25.151308326983173 243.54762900353145
-14.0 -25.29438346026992 243.9262969145133
-13.0 -25.436622716017688 244.3126289196722
-12.0 -25.577954867918496 244.706587729719
-11.0 -25.718308584002813 245.10813799157174
-10.0 -25.857612499281853 245.5172470060596
-9.0 -25.99579528838985 245.9338854456265
-8.0 -26.132785738226378 246.35802807203524
-7.0 -26.26851282059861 246.7896544540711
-6.0 -26.402905764863622 247.22874968524576
-5.0 -26.535894130570693 247.67530510150118
-4.0 -26.66740788010358 248.1293189989134
-3.0 -26.797377451322806 248.5907973513963
-2.0 -26.925733830207978 249.05975452840562
-1.0 -27.052408623500046 249.5362140126426
0.0 -27.17733413134361 250.020209117758
1.0 -27.300443419929206 250.51178370605572
2.0 -27.421670394135592 251.0109929061969
3.0 -27.540949870172057 251.51790383090352
4.0 -27.65821764822069 252.0325962946624
5.0 -27.773410585078675 252.55516353142895
6.0 -27.886466666800594 253.08571291233105
7.0 -27.99732508134071 253.62436666337288
8.0 -28.105926291195242 254.1712625831387
9.0 -28.212212106044692 254.72655476049684
10.0 -28.316125755396097 255.2904142923033
11.0 -28.417611961225344 255.86303000110584
12.0 -28.516617010619452 256.44460915284765
13.0 -28.61308882841886 257.0353781745712
14.0 -28.706977049859724 257.63558337212226
15.0 -28.798233093216208 258.2454916478534
16.0 -28.886810232442762 258.86539121832817
17.0 -28.972663669816434 259.4955923320247
18.0 -29.055750608579135 260.1364279870398
19.0 -29.136030325579952 260.78825464879236
20.0 -29.21346424391743 261.4514529677276
21.0 -29.288016005581852 262.12642849702087
22.0 -29.359651544097552 262.8136124102811
23.0 -29.428339157165183 263.5134622192552
24.0 -29.494049579304022 264.2264624915314
25.0 -29.556756054494258 264.9531255682434
26.0 -29.61643440881928 265.69399228177423
27.0 -29.673063123107962 266.4496326734597
28.0 -29.726623405576966 267.22064671129266
29.0 -29.77709926447303 268.00766500762677
30.0 -29.824477580715243 268.81134953688
31.0 -29.86874818053736 269.6323943532391
32.0 -29.90990390813007 270.4715263083625
33.0 -29.9479406982833 271.32950576908536
34.0 -29.98285764902851 272.2071273351222
35.0 -30.014657094280963 273.1052205567716
36.0 -30.043344676482036 274.0246506526196
37.0 -30.0689294192415 274.96631922724373
38.0 -30.091423799979808 275.93116498891675
39.0 -30.11084382257041 276.92016446731054
40.0 -30.127209089982 277.93433273119985
41.0 -30.140542876920847 278.9747241061663
42.0 -30.150872202473067 280.04243289230214
43.0 -30.158227902746912 281.138594081914
44.0 -30.162644703515063 282.2643840772267
45.0 -30.164161292856928 283.42102140808737
46.0 -30.162820393800928 284.6097674496691
47.0 -30.158668836966783 285.8319271401746
48.0 -30.151757633207797 287.08884969854046
49.0 -30.142142046253177 288.38192934214055
50.0 -30.129881665350286 289.71260600449017
51.0 -30.11504047790696 291.0823660529497
52.0 -30.09768694213379 292.49274300642855
53.0 -30.077894059686415 293.945318253089
54.0 -30.055739448307797 295.4417217680499
55.0 -30.031305414470545 296.98363283109074
56.0 -30.004679026019165 298.57278074435516
57.0 -29.975952184812385 300.21094555005516
58.0 -29.945221699365426 301.89995874817464
59.0 -29.9125893574923 303.64170401417346
60.0 -29.8781619989481 305.438117916691
60.562015271501465 -29.861251836470824 306.5
61.354407948980636 -29.836028205060877 308.0
62.13139308311825 -29.81050160708783 309.5
62.89335772907455 -29.78483127063849 311.0
63.640549964051914 -29.759169410503606 312.5
64.37309217061406 -29.73366132950952 314.0
65.09099372542799 -29.708445519849914 315.5
65.79416310470036 -29.683653764417496 317.0
66.48241941758111 -29.659411238135725 318.5
67.15550337880624 -29.635836609290507 320.0
67.81308773185249 -29.6130421408619 321.5
68.45478713387567 -29.59113379185584 323.0
69.08016751370559 -29.570211318635828 324.5
69.68875491416941 -29.550368376254642 326.0
70.28004383001594 -29.531692619786064 327.5
70.85350505271323 -29.514265805656564 329.0
71.40859303339167 -29.49816389297701 330.5
71.94475277520493 -29.4834571448744 332.0
72.46142626638115 -29.47021022982354 333.5
72.95805846523655 -29.458482322978767 335.0
73.43410284842389 -29.44832720750566 336.5
73.88902653368805 -29.439793375912735 338.0
74.32231498840108 -29.43292413138316 339.5
74.73347633514894 -29.427757689106475 341.0
75.1220452656423 -29.424327277610267 342.5
75.48758657422393 -29.42266124009192 344.0
75.82969832224443 -29.422783135750286 345.5
76.14801464457933 -29.424711841117418 347.0
76.44220820955931 -29.42846165139026 348.5
76.71199234358613 -29.434042381762374 350.0
76.95712283170653 -29.441459468755625 351.5
77.17739940541637 -29.450714071551904 353.0
77.3726669289674 -29.46180317332484 354.5
77.54281629544896 -29.47471968257149 356.0
77.68778504391678 -29.489452534444066 357.5
77.8075577088415 -29.505986792081625 359.0
77.90216591314886 -29.524303747941794 360.5
77.9716882161242 -29.544381025132463 362.0
78.01624972745338 -29.56619267874351 363.5
78.03602149867245 -29.589709297178484 365.0
78.03121970329855 -29.614898103486336 366.5
78.0021046169141 -29.64172305669312 368.0
77.94897940847692 -29.670144953133697 369.5
77.87218875412816 -29.700121527783434 371.0
77.77211728477084 -29.731607555589942 372.5
77.64918787869094 -29.764554952804748 374.0
77.5038598104935 -29.79891287831503 375.5
77.33662676762611 -29.834627834975304 377.0
77.148014745762 -29.871643770939155 378.5
76.93857983431501 -29.90990218099092 380.0
76.70890590335895 -29.94934220787741 381.5
76.45960220322345 -29.989900743639623 383.0
76.19130088803873 -30.031512530944436 384.5
75.90465447450157 -30.074110264416326 386.0
75.60033324713481 -30.117624691969066 387.5
75.27902262131275 -30.16198471613745 389.0
74.94142047532455 -30.207117495408983 390.5
74.58823446274828 -30.252948545555604 392.0
74.22017931640761 -30.299401840965373 393.5
73.83797415518374 -30.346399915974207 395.0
73.44233980495461 -30.393863966197564 396.5
73.03399614493391 -30.441713949862162 398.0
72.61365949068212 -30.48986868913769 399.5
72.18204002506197 -30.5382459714685 401.0
71.73983928841041 -30.586762650905335 402.5
71.2877477391998 -30.63533474943702 404.0
70.82644239646025 -30.683877558322184 405.5
70.35658457523557 -30.732305739420955 407.0
69.87881772634528 -30.780533426526677 408.5
69.39376539172476 -30.828474326697616 410.0
68.90202928661601 -30.876041821588665 411.5
68.4041875198813 -30.923149068783047 413.0
67.90079296371201 -30.969709103124035 414.5
67.39237178400491 -31.01563493804666 416.0
66.87942214267842 -31.060839666909402 417.5
66.36241308320092 -31.105236564325914 419.0
65.84178361060346 -31.148739187496727 420.5
65.31794197724935 -31.191261477540944 422.0
64.79126518563278 -31.23271786082797 423.5
64.2620987194789 -31.273023350309213 425.0
63.73075651441751 -31.312093646849775 426.5
63.197521179502886 -31.349845240560178 428.0
62.66264448085191 -31.386195512128065 429.5
62.12634809867287 -31.421062834149918 431.0
61.58882466895726 -31.45436667246275 432.5
61.05023912110681 -31.486027687475815 434.0
60.5107303227682 -31.51596783550233 435.5
59.97041304314765 -31.544110470091173 437.0
59.429380246077784 -31.570380443358587 438.5
58.887705724109004 -31.594704207319893 440.0
58.345447084897785 -31.617009915221196 441.5
57.8026491011641 -31.637227522871104 443.0
57.25934743549039 -31.655288889972415 444.5
56.71557275123433 -31.671127881453838 446.0
56.17135522082775 -31.6846804688017 447.5
55.62672944273389 -31.695884831391655 449.0
55.08173977833563 -31.704681457820385 450.5
54.53644612002657 -31.711013247237318 452.0
53.99093010177762 -31.71482561067632 453.5
53.445301763451326 -31.716066572387422 455.0
52.89970668013608 -31.714686871168514 456.5
52.35433356777282 -31.71064006169706 458.0
51.80942237634628 -31.7038826158618 459.5
51.26527288191324 -31.694374024094465 461.0
50.72225378874006 -31.68207689670148 462.5
50.1808123528218 -31.666957065195675 464.0
49.64148453805528 -31.648983683627982 465.5
49.10490571633828 -31.62812932991916 467.0
48.57182192286743 -31.604370107191492 468.5
48.043101677906805 -31.577685745100496 470.0
47.5197483862998 -31.548059701166633 471.5
47.00291332599643 -31.515479262107004 473.0
46.49390923686845 -31.479935645167085 474.5
45.99422452108462 -31.4414240994524 476.0
45.50553806631834 -31.399944007260263 477.5
45.02973470306012 -31.355498985411458 479.0
44.56892130730703 -31.30809698658196 480.5
44.125443559901555 -31.25775040063464 482.0
43.70190337379218 -31.20447615595098 483.5
43.301177000487925 -31.148295820762772 485.0
42.92643382697927 -31.089235704483823 486.5
42.58115587439762 -31.027326959041673 488.0
42.269158009685825 -30.962605680209297 489.5
41.99460888155196 -30.895113008936814 491.0
41.76205259197856 -30.8248952326832 492.5
41.576431114559924 -30.75200388674798 494.0
41.44310747093957 -30.676495855602955 495.5
41.36788967662014 -30.5984334742239 497.0
41.35705546741828 -30.517884629422266 498.5
41.41737781783658 -30.43492286117691 500.0
41.556151262625065 -30.349627463965774 501.5
41.69610061596039 -30.291509210784945 502.5
41.876856268974365 -30.2324182076366 503.5
42.10100101742322 -30.17238234104369 504.5
42.371239171223635 -30.11143070094083 505.5
42.69040047718039 -30.04959359401836 506.5
43.06144411717541 -29.98690255706647 507.5
43.48746278247772 -29.923390370319247 508.5
43.97168682483421 -29.859091070798822 509.5
44.51748848500093 -29.794039965659437 510.5
45.12838619937452 -29.728273645531523 511.5
45.808048985383664 -29.661829997865823 512.5
46.56030090630041 -29.59474822027747 513.5
47.38912561613073 -29.527068833890077 514.5
48.298670985244385 -29.45883369667984 515.5
48.785056186125445 -29.42452117096324 516.0
49.29325380740385 -29.39008601681962 516.5
49.82383062828775 -29.355533848428088 517.0
50.37736458885182 -29.320870366023055 517.5
50.954444944230076 -29.286101356311224 518.0
51.55567242011705 -29.251232692888628 518.5
52.18165936958141 -29.216270336657594 519.0
52.83302993119864 -29.18122033624378 519.5
53.510420188506195 -29.146088828413145 520.0
54.214478330788054 -29.110882038488988 520.5
54.94586481519251 -29.075606280768923 521.0
55.70525253018886 -29.040267958941886 521.5
56.49332696036828 -29.00487356650515 522.0
57.310786352593766 -28.969429687181318 522.5
58.15834188350438 -28.93394299533533 523.0
59.03671782837902 -28.89842025639146 523.5
59.94665173136491 -28.862868327250332 524.0
60.888894577075575 -28.827294156705907 524.5
61.86421096356422 -28.791704785862496 525.0
62.873379276676765 -28.75610734855176 525.5
63.91719186579042 -28.720509071749714 526.0
67.0 -28.537368182690347 528.4751629075278
68.0 -28.445586600259144 528.7773339097873
69.0 -28.35318787037586 529.04146198738
70.0 -28.260163724057293 529.2688426031702
71.0 -28.16650589232027 529.4607712200225
72.0 -28.072206106181593 529.6185433008014
73.0 -27.977256096658078 529.7434543083716
74.0 -27.881647594766537 529.8367997055974
75.0 -27.78537233152378 529.8998749553435
76.0 -27.688422037946623 529.9339755204745
77.0 -27.590788445051874 529.9403968638549
78.0 -27.492463283856345 529.920434448349
79.0 -27.393438285376845 529.8753837368216
80.0 -27.293705180630194 529.8065401921373
81.0 -27.1932557006332 529.7151992771604
82.0 -27.09208157640267 529.6026564547557
83.0 -26.990174538955426 529.4702071877875
84.0 -26.887526319308268 529.3191469391205
85.0 -26.784128648478017 529.1507711716192
86.0 -26.679973257481482 528.9663753481482
87.0 -26.575051877335472 528.7672549315719
88.0 -26.469356239056804 528.5547053847549
89.0 -26.362878073662287 528.3300221705618
90.0 -26.25560911216873 528.0945007518573
91.0 -26.14754108559295 527.8494365915055
92.0 -26.038665724951763 527.5961251523713
93.0 -25.928974761261966 527.3358618973191
94.0 -25.818459925540385 527.0699422892135
95.0 -25.707112948803825 526.7996617909191
96.0 -25.594925562069097 526.5263158653003
97.0 -25.481889496353016 526.2511999752217
98.0 -25.367996482672396 525.9756095835479
99.0 -25.253238252044046 525.7008401531433
