27.92502 -113.0 -12.1104914 197.7730103 1 0 0 0
28.02875 -112.3397816 -12.2380132 199.1356631 1 0 0 0
28.13263 -111.6567519 -12.3668237 200.4967913 1 0 0 0
28.23653 -110.9545458 -12.4961253 201.8468549 1 0 0 0
28.34005 -110.2523346 -12.6254279 203.1969281 1 0 0 0
28.44375 -109.5164807 -12.7559533 204.5323647 1 0 0 0
28.5475 -108.752573 -12.8879456 205.8618002 1 0 0 0
28.65115 -107.9660499 -13.0205406 207.1761968 1 0 0 0
28.75498 -107.175623 -13.1537937 208.497117 1 0 0 0
28.85856 -106.3468782 -13.2879441 209.7891646 1 0 0 0
28.96231 -105.4908378 -13.4229212 211.0624252 1 0 0 0
29.06591 -104.6154393 -13.5576163 212.3064484 1 0 0 0
29.16963 -103.720404 -13.6920915 213.5209122 1 0 0 0
29.27328 -102.8075877 -13.8260688 214.7022177 1 0 0 0
29.3769 -101.8779254 -13.9594239 215.8482365 1 0 0 0
29.48064 -100.9190247 -14.0939188 216.9727127 1 0 0 0
29.58441 -99.9426437 -14.2278772 218.0600077 1 0 0 0
29.68805 -98.9457206 -14.3617388 219.1124694 1 0 0 0
29.79176 -97.9310959 -14.4951507 220.1260971 1 0 0 0
29.8955 -96.8991316 -14.628116 221.0998704 1 0 0 0
29.99928 -95.8456703 -14.7612237 222.0369805 1 0 0 0
30.10288 -94.779747 -14.8934029 222.9289056 1 0 0 0
30.20674 -93.6925926 -15.0258329 223.7828362 1 0 0 0
30.31046 -92.5923608 -15.157614 224.592112 1 0 0 0
30.41418 -91.4777967 -15.2890221 225.358031 1 0 0 0
30.5179 -90.3473422 -15.420373 226.0820482 1 0 0 0
30.6219 -89.2083396 -15.5509638 226.7601738 1 0 0 0
30.72544 -88.0705134 -15.679872 227.3884588 1 0 0 0
30.82918 -86.9139009 -15.8090519 227.9599953 1 0 0 0
30.9329 -85.7518813 -15.9381288 228.5041154 1 0 0 0
31.03669 -84.5859159 -16.0668966 229.0147815 1 0 0 0
31.14038 -83.4200955 -16.1949671 229.4882738 1 0 0 0
31.24413 -82.2506112 -16.3228876 229.9263947 1 0 0 0
31.34787 -81.0777159 -16.4507919 230.3303562 1 0 0 0
31.45171 -79.899302 -16.5790731 230.6892758 1 0 0 0
31.5554 -78.7272733 -16.7067056 231.0262141 1 0 0 0
31.65917 -77.5612239 -16.8338318 231.3383874 1 0 0 0
31.76289 -76.3996893 -16.9607303 231.6256882 1 0 0 0
31.86662 -75.2415762 -17.0876481 231.889324 1 0 0 0
31.9704 -74.0846107 -17.2149621 232.1314746 1 0 0 0
32.07579 -72.9184297 -17.3442842 232.3482544 1 0 0 0
32.17781 -71.8028176 -17.4685494 232.5447712 1 0 0 0
32.28141 -70.6842126 -17.5938561 232.7298496 1 0 0 0
32.38517 -69.579076 -17.718475 232.9009602 1 0 0 0
32.48878 -68.4809501 -17.8432084 233.0601566 1 0 0 0
32.59254 -67.3973381 -17.9672569 233.2076988 1 0 0 0
32.69616 -66.330368 -18.0904005 233.344838 1 0 0 0
32.79993 -65.2658873 -18.2142913 233.4748072 1 0 0 0
32.90355 -64.1996525 -18.3394609 233.5992585 1 0 0 0
33.00725 -63.1383068 -18.4651655 233.7184558 1 0 0 0
33.1109 -62.0948239 -18.5898732 233.8320132 1 0 0 0
33.21475 -61.0638524 -18.7142 233.9415557 1 0 0 0
33.31844 -60.0415629 -18.8385913 234.0483823 1 0 0 0
33.422 -59.0275824 -18.9630807 234.1533156 1 0 0 0
33.52577 -58.015749 -19.0884167 234.2576983 1 0 0 0
33.62937 -57.0130467 -19.2137283 234.3614529 1 0 0 0
33.73312 -56.0150099 -19.3395538 234.465631 1 0 0 0
33.83686 -55.024386 -19.4655305 234.5704849 1 0 0 0
33.94091 -54.0299735 -19.5930698 234.6777053 1 0 0 0
34.04485 -53.038465 -19.7213139 234.7870696 1 0 0 0
34.14788 -52.0637266 -19.8484382 234.8974491 1 0 0 0
34.25163 -51.088557 -19.9766418 235.0111207 1 0 0 0
34.35538 -50.1130563 -20.1059 235.1284674 1 0 0 0
34.45914 -49.1393066 -20.2359208 235.2496028 1 0 0 0
34.56302 -48.1684538 -20.3665275 235.3747041 1 0 0 0
34.66681 -47.2014416 -20.4975642 235.5039287 1 0 0 0
34.7704 -46.2435011 -20.6282844 235.6367951 1 0 0 0
34.87418 -45.2891308 -20.7593961 235.7742362 1 0 0 0
34.9779 -44.3362318 -20.8911538 235.9167565 1 0 0 0
35.08176 -43.3848808 -21.0235155 236.0645478 1 0 0 0
35.18551 -42.4382219 -21.1560079 236.2172883 1 0 0 0
35.28926 -41.4923764 -21.2891357 236.3757433 1 0 0 0
35.39308 -40.549255 -21.4225935 236.5397384 1 0 0 0
35.49688 -39.6064527 -21.5566838 236.70982 1 0 0 0
35.60066 -38.6693472 -21.6906012 236.8851181 1 0 0 0
35.70439 -37.7371339 -21.8244145 237.0658197 1 0 0 0
35.80813 -36.8079058 -21.958352 237.2523308 1 0 0 0
35.91188 -35.8833857 -22.0921202 237.4443347 1 0 0 0
36.01563 -34.9636136 -22.2256662 237.641823 1 0 0 0
36.11938 -34.0489174 -22.3584753 237.8382214 1 0 0 0
36.22324 -33.1390539 -22.4913642 238.0456617 1 0 0 0
36.32682 -32.2287017 -22.6246783 238.2599551 1 0 0 0
36.43069 -31.316008 -22.758632 238.4813944 1 0 0 0
36.53441 -30.4018639 -22.8930506 238.7098202 1 0 0 0
36.63814 -29.4832995 -23.028327 238.9460549 1 0 0 0
36.742 -28.5601524 -23.1644409 239.1902525 1 0 0 0
36.84583 -27.633594 -23.3011734 239.4422056 1 0 0 0
36.94959 -26.7048039 -23.438302 239.7016686 1 0 0 0
37.05335 -25.7734019 -23.5758324 239.9688056 1 0 0 0
37.15703 -24.8404931 -23.7135495 240.2433458 1 0 0 0
37.26077 -23.904465 -23.8516382 240.5258044 1 0 0 0
37.36451 -22.9704762 -23.989283 240.8146381 1 0 0 0
37.46826 -22.0346586 -24.1271973 241.1040375 1 0 0 0
37.572 -21.1017876 -24.2643014 241.4057936 1 0 0 0
37.67575 -20.1685791 -24.4011499 241.7147837 1 0 0 0
37.77975 -19.2325909 -24.5380471 242.0316349 1 0 0 0
37.88431 -18.2957639 -24.6746501 242.3556899 1 0 0 0
37.98718 -17.3782361 -24.8079738 242.6798218 1 0 0 0
38.09097 -16.4557632 -24.9414983 243.0123651 1 0 0 0
38.19463 -15.5342362 -25.0743122 243.3511978 1 0 0 0
38.29828 -14.6132409 -25.20642 243.6964273 1 0 0 0
38.40201 -13.6982148 -25.3369904 244.0459353 1 0 0 0
38.50575 -12.7822824 -25.4669546 244.4022583 1 0 0 0
38.60973 -11.8698261 -25.5956377 244.7636401 1 0 0 0
38.7133 -10.9629069 -25.722703 245.129161 1 0 0 0
38.81707 -10.0526104 -25.8502414 245.4960431 1 0 0 0
38.92077 -9.1485941 -25.9752479 245.8720764 1 0 0 0
39.02468 -8.2447069 -26.0992224 246.2544965 1 0 0 0
39.12841 -7.3445062 -26.2216571 246.6415351 1 0 0 0
39.23213 -6.4479161 -26.3425236 247.0331218 1 0 0 0
39.33593 -5.5574486 -26.4614464 247.4280642 1 0 0 0
39.43971 -4.6697039 -26.5788443 247.827779 1 0 0 0
39.54357 -3.7879247 -26.6942528 248.2307329 1 0 0 0
39.6473 -2.9122196 -26.8076296 248.6367782 1 0 0 0
39.75116 -2.0397762 -26.920584 249.0413112 1 0 0 0
39.8549 -1.1780376 -27.0298367 249.4514734 1 0 0 0
39.95867 -0.3157645 -27.1377985 249.8677636 1 0 0 0
40.06332 0.5462707 -27.2443568 250.2896993 1 0 0 0
40.16616 1.3863192 -27.3468188 250.7065043 1 0 0 0
40.27004 2.2293088 -27.4482332 251.1303808 1 0 0 0
40.37377 3.0658899 -27.5474425 251.5566417 1 0 0 0
40.47782 3.9066646 -27.6471491 251.9850393 1 0 0 0
40.58135 4.7342348 -27.7427193 252.4165792 1 0 0 0
40.68504 5.5599873 -27.8364963 252.8531047 1 0 0 0
40.7888 6.3785686 -27.9279201 253.2915318 1 0 0 0
40.89254 7.1978138 -28.0178596 253.736025 1 0 0 0
40.99629 8.0161778 -28.1061141 254.1858198 1 0 0 0
41.10014 8.8373904 -28.1946759 254.6371802 1 0 0 0
41.20395 9.6539735 -28.2799787 255.0959928 1 0 0 0
41.30763 10.4714852 -28.3635705 255.5618543 1 0 0 0
41.41154 11.2927735 -28.4458041 256.0361685 1 0 0 0
41.51543 12.1175333 -28.5266192 256.5188859 1 0 0 0
41.61917 12.9385503 -28.6070676 256.9994127 1 0 0 0
41.7231 13.7549272 -28.6839095 257.4887011 1 0 0 0
41.8268 14.5670634 -28.7584805 257.9823405 1 0 0 0
41.93055 15.3787489 -28.8311727 258.4825437 1 0 0 0
42.03443 16.1933526 -28.9022654 258.9915538 1 0 0 0
42.13818 17.0035873 -28.9710995 259.5050003 1 0 0 0
42.24188 17.816042 -29.0401223 260.0198536 1 0 0 0
42.34576 18.6234886 -29.1055305 260.5438949 1 0 0 0
42.4497 19.4321004 -29.1689346 261.0770268 1 0 0 0
42.55387 20.2382808 -29.2301637 261.6166067 1 0 0 0
42.65705 21.0341863 -29.2886634 262.1573872 1 0 0 0
42.76091 21.8384505 -29.3477775 262.7038471 1 0 0 0
42.86465 22.6405661 -29.4034099 263.2629321 1 0 0 0
42.96842 23.4438708 -29.4569699 263.832293 1 0 0 0
43.07213 24.2438376 -29.5082674 264.4084847 1 0 0 0
43.1761 25.0385105 -29.5572136 264.9901838 1 0 0 0
43.27975 25.8333588 -29.6061705 265.5720113 1 0 0 0
43.38352 26.619065 -29.6512212 266.1630692 1 0 0 0
43.48727 27.4010486 -29.6939193 266.7619448 1 0 0 0
43.59117 28.1765657 -29.7342629 267.3661391 1 0 0 0
43.69479 28.948703 -29.7744307 267.9677002 1 0 0 0
43.79846 29.7121031 -29.8107723 268.5803168 1 0 0 0
43.90217 30.4695202 -29.8448681 269.1990477 1 0 0 0
44.00589 31.2264948 -29.8770348 269.828415 1 0 0 0
44.10961 31.9777079 -29.9089566 270.4529921 1 0 0 0
44.2133 32.7193311 -29.9372377 271.0888602 1 0 0 0
44.31692 33.4511317 -29.9633059 271.7278611 1 0 0 0
44.42179 34.1880288 -29.987737 272.3831603 1 0 0 0
44.52429 34.906385 -30.0115534 273.0219717 1 0 0 0
44.62802 35.6281573 -30.0325352 273.6837273 1 0 0 0
44.73196 36.3404804 -30.0514328 274.3497074 1 0 0 0
44.83567 37.0446105 -30.0684009 275.020716 1 0 0 0
44.94027 37.7590539 -30.0856175 275.7015528 1 0 0 0
45.04306 38.4513034 -30.0996897 276.3813432 1 0 0 0
45.14848 39.1576531 -30.1122411 277.0896509 1 0 0 0
45.25054 39.8442952 -30.1244423 277.7781963 1 0 0 0
45.35434 40.5349358 -30.1340639 278.4932324 1 0 0 0
45.45805 41.2200908 -30.1419245 279.2177348 1 0 0 0
45.56177 41.9117191 -30.1498594 279.9490822 1 0 0 0
45.66552 42.593789 -30.1551043 280.6945977 1 0 0 0
45.76926 43.2737299 -30.1587503 281.4536317 1 0 0 0
45.87302 43.9518912 -30.1623867 282.2106791 1 0 0 0
45.97664 44.6239726 -30.1635246 282.9867898 1 0 0 0
46.08069 45.2917298 -30.1631829 283.7743869 1 0 0 0
46.18426 45.959346 -30.1628412 284.5618174 1 0 0 0
46.28779 46.61876 -30.1601974 285.3666268 1 0 0 0
46.39146 47.2713649 -30.1562098 286.1803385 1 0 0 0
46.49521 47.9281291 -30.1521968 286.9992362 1 0 0 0
46.59892 48.5736321 -30.1461416 287.8319228 1 0 0 0
46.70265 49.2136436 -30.1388458 288.6757857 1 0 0 0
46.8064 49.8537169 -30.1315492 289.5197299 1 0 0 0
46.91014 50.484886 -30.1224591 290.3801524 1 0 0 0
47.0139 51.1082025 -30.1122679 291.2492702 1 0 0 0
47.11766 51.7342429 -30.1020321 292.122186 1 0 0 0
47.22165 52.3496832 -30.0902956 293.0086351 1 0 0 0
47.32551 52.9675402 -30.0785131 293.8985648 1 0 0 0
47.42922 53.5747117 -30.0651203 294.8060683 1 0 0 0
47.53292 54.1726872 -30.0509334 295.7196591 1 0 0 0
47.63682 54.7739605 -30.0366682 296.6382882 1 0 0 0
47.74058 55.3635268 -30.0212855 297.5685288 1 0 0 0
47.84447 55.9553724 -30.0058434 298.5023655 1 0 0 0
47.94827 56.5323387 -29.989334 299.4460445 1 0 0 0
48.05215 57.1006846 -29.9722517 300.3963128 1 0 0 0
48.15601 57.6720284 -29.9550793 301.3515936 1 0 0 0
48.25993 58.2345088 -29.9370821 302.321601 1 0 0 0
48.36433 58.8006473 -29.9189679 303.2979168 1 0 0 0
48.46757 59.3514945 -29.9002263 304.2808836 1 0 0 0
48.57142 59.9047195 -29.8814038 305.2680934 1 0 0 0
48.6752 60.4383932 -29.8650419 306.268307 1 0 0 0
48.77896 60.9699012 -29.848207 307.2731038 1 0 0 0
48.88265 61.496944 -29.8310977 308.2835883 1 0 0 0
48.98644 62.0259994 -29.813923 309.2979316 1 0 0 0
49.09015 62.545865 -29.7964864 310.3180945 1 0 0 0
49.19376 63.0576397 -29.7790404 311.3381543 1 0 0 0
49.29755 63.5696836 -29.7615852 312.3587505 1 0 0 0
49.40117 64.071265 -29.7441519 313.3834099 1 0 0 0
49.5049 64.567886 -29.7267624 314.4142165 1 0 0 0
49.60864 65.0619846 -29.7094613 315.4397874 1 0 0 0
49.71227 65.5446538 -29.6924484 316.4683161 1 0 0 0
49.81601 66.0199637 -29.6757034 317.4980825 1 0 0 0
49.91964 66.4879508 -29.6592732 318.5291914 1 0 0 0
50.02327 66.9531698 -29.6429402 319.5542015 1 0 0 0
50.12701 67.4077204 -29.6271361 320.582746 1 0 0 0
50.23076 67.8548299 -29.6117627 321.6149411 1 0 0 0
50.33451 68.2994227 -29.5964758 322.6413263 1 0 0 0
50.43829 68.7319259 -29.5819263 323.6709615 1 0 0 0
50.54201 69.1553462 -29.5679611 324.7016182 1 0 0 0
50.6459 69.578141 -29.5540166 325.7307521 1 0 0 0
50.74977 69.9877982 -29.5409875 326.7633526 1 0 0 0
50.85364 70.3882405 -29.5286271 327.7979386 1 0 0 0
50.95739 70.7886623 -29.5162673 328.8324717 1 0 0 0
51.06127 71.1747794 -29.5049918 329.8710736 1 0 0 0
51.16514 71.5510996 -29.4944669 330.9115745 1 0 0 0
51.26891 71.9264693 -29.4839685 331.9494475 1 0 0 0
51.37264 72.2853529 -29.4747386 332.989658 1 0 0 0
51.47639 72.6356412 -29.4662737 334.0364746 1 0 0 0
51.58014 72.9748498 -29.4586495 335.0830482 1 0 0 0
51.68389 73.3145367 -29.4510146 336.1310979 1 0 0 0
51.78764 73.638461 -29.4446876 337.1848723 1 0 0 0
51.89129 73.9496143 -29.4393352 338.2382546 1 0 0 0
51.99501 74.2583378 -29.4340246 339.2834108 1 0 0 0
52.09877 74.5483943 -29.4301989 340.3313321 1 0 0 0
52.20239 74.8252004 -29.4273656 341.3777882 1 0 0 0
52.30614 75.1018255 -29.4245342 342.42356 1 0 0 0
52.41002 75.3563046 -29.4232987 343.463507 1 0 0 0
52.5139 75.5965374 -29.423037 344.4969646 1 0 0 0
52.61777 75.8215714 -29.4237205 345.5183452 1 0 0 0
52.72164 76.0436587 -29.4243949 346.5263511 1 0 0 0
52.82564 76.2443314 -29.4264426 347.5200983 1 0 0 0
52.92952 76.4304317 -29.4294668 348.5069469 1 0 0 0
53.03327 76.6130485 -29.4324345 349.475323 1 0 0 0
53.13702 76.7752467 -29.4366889 350.4297648 1 0 0 0
53.24064 76.9352913 -29.4408868 351.3715339 1 0 0 0
53.34439 77.0748412 -29.4465512 352.310174 1 0 0 0
53.44802 77.2027874 -29.4531035 353.2509248 1 0 0 0
53.55178 77.3303729 -29.4596373 354.1890244 1 0 0 0
53.65539 77.4399334 -29.4674155 355.1229739 1 0 0 0
53.75902 77.5374941 -29.4760898 356.0586317 1 0 0 0
53.86264 77.63465 -29.4847282 356.990407 1 0 0 0
53.96627 77.7145377 -29.4945502 357.9188901 1 0 0 0
54.06989 77.7943187 -29.5043591 358.846132 1 0 0 0
54.17352 77.8541248 -29.5154193 359.7632753 1 0 0 0
54.27714 77.9027315 -29.5273936 360.6880516 1 0 0 0
54.38077 77.9511094 -29.5393114 361.6084743 1 0 0 0
54.4844 77.9823728 -29.5522128 362.5162921 1 0 0 0
54.58802 78.0140516 -29.5652856 363.4361723 1 0 0 0
54.69164 78.0270328 -29.5797166 364.360179 1 0 0 0
54.79539 78.0288149 -29.5946914 365.2709791 1 0 0 0
54.89902 78.0306251 -29.6099018 366.1961156 1 0 0 0
55.00277 78.0162489 -29.6259418 367.1053907 1 0 0 0
55.10652 77.9902609 -29.6430187 368.0304924 1 0 0 0
55.21027 77.9642161 -29.6601329 368.9576164 1 0 0 0
55.31414 77.9228991 -29.6780863 369.8745734 1 0 0 0
55.41802 77.8809128 -29.6963307 370.8063862 1 0 0 0
55.52202 77.8204572 -29.7159334 371.7474955 1 0 0 0
55.62602 77.7486503 -29.7363186 372.6918868 1 0 0 0
55.73005 77.6766754 -29.7567515 373.6384891 1 0 0 0
55.83414 77.5888544 -29.778177 374.5844665 1 0 0 0
55.93827 77.4888985 -29.800548 375.5417249 1 0 0 0
56.04227 77.3877673 -29.8231821 376.510237 1 0 0 0
56.1464 77.2699267 -29.8470015 377.4882244 1 0 0 0
56.25054 77.151354 -29.8709688 378.4722869 1 0 0 0
56.35452 77.0137465 -29.8961482 379.4603055 1 0 0 0
56.45852 76.864722 -29.9221526 380.4574311 1 0 0 0
56.56253 76.7140532 -29.948444 381.465559 1 0 0 0
56.66639 76.5452496 -29.9759465 382.4835123 1 0 0 0
56.77039 76.3638316 -30.0044271 383.5170721 1 0 0 0
56.87427 76.1710063 -30.0336896 384.5597445 1 0 0 0
56.97815 75.9761942 -30.0632536 385.6131601 1 0 0 0
57.08189 75.7650788 -30.093793 386.6729697 1 0 0 0
57.18578 75.5422418 -30.1250562 387.7398184 1 0 0 0
57.28952 75.31817 -30.1564925 388.8125789 1 0 0 0
57.39327 75.0780668 -30.1887559 389.8879757 1 0 0 0
57.49702 74.8270829 -30.2216474 390.9701501 1 0 0 0
57.60064 74.5669871 -30.25497 392.0543475 1 0 0 0
57.70442 74.3051925 -30.2885102 393.1456264 1 0 0 0
57.80802 74.0306432 -30.3225277 394.235303 1 0 0 0
57.91164 73.7488103 -30.3567021 395.3202299 1 0 0 0
58.01542 73.4665009 -30.3909342 396.406991 1 0 0 0
58.11902 73.172769 -30.4254209 397.4888696 1 0 0 0
58.22277 72.8727529 -30.4600033 398.5680347 1 0 0 0
58.32653 72.5660283 -30.4947485 399.6479966 1 0 0 0
58.43027 72.2590551 -30.5295218 400.7288337 1 0 0 0
58.53402 71.9440424 -30.5642503 401.8034157 1 0 0 0
58.6379 71.6245881 -30.598851 402.8726127 1 0 0 0
58.74165 71.3066353 -30.633289 403.9367843 1 0 0 0
58.8454 70.9821304 -30.6674758 404.9931747 1 0 0 0
58.94915 70.6529972 -30.7015863 406.0490732 1 0 0 0
59.0529 70.3213972 -30.7354013 407.098865 1 0 0 0
59.15665 69.9911576 -30.7690775 408.1443502 1 0 0 0
59.26053 69.655203 -30.8024804 409.1879092 1 0 0 0
59.36427 69.3169336 -30.8355187 410.2263277 1 0 0 0
59.46803 68.9782793 -30.8685946 411.2659279 1 0 0 0
59.57177 68.6334428 -30.9013635 412.3075233 1 0 0 0
59.67553 68.2845232 -30.9339127 413.3516757 1 0 0 0
59.7794 67.935507 -30.9664708 414.3961173 1 0 0 0
59.88315 67.5818423 -30.9984842 415.4404919 1 0 0 0
59.98702 67.2249839 -31.0301634 416.4868071 1 0 0 0
60.09078 66.865344 -31.0614644 417.5346566 1 0 0 0
60.19466 66.504726 -31.0928505 418.585356 1 0 0 0
60.2984 66.1422218 -31.123411 419.6323044 1 0 0 0
60.40227 65.7780046 -31.1533915 420.6784971 1 0 0 0
60.50606 65.4114858 -31.1835614 421.731301 1 0 0 0
60.60993 65.0421772 -31.2128315 422.7844677 1 0 0 0
60.71381 64.6709077 -31.2414791 423.8389251 1 0 0 0
60.81754 64.2995479 -31.2701337 424.893639 1 0 0 0
60.9213 63.9249873 -31.2977652 425.9514603 1 0 0 0
61.02527 63.5486054 -31.3247108 427.0113492 1 0 0 0
61.12899 63.1722799 -31.3508273 428.0684417 1 0 0 0
61.23272 62.7965036 -31.3769058 429.1239919 1 0 0 0
61.3365 62.4202453 -31.4016977 430.1772751 1 0 0 0
61.44015 62.0448784 -31.4254765 431.2259309 1 0 0 0
61.54393 61.6697315 -31.4492414 432.2739721 1 0 0 0
61.6478 61.2933337 -31.4715924 433.3226907 1 0 0 0
61.75164 60.9180066 -31.4928743 434.3669019 1 0 0 0
61.85529 60.5433299 -31.5141194 435.4093034 1 0 0 0
61.95905 60.1675582 -31.5337903 436.452629 1 0 0 0
62.0628 59.7927227 -31.5523702 437.4922527 1 0 0 0
62.16662 59.4196435 -31.5698217 438.5260327 1 0 0 0
62.27035 59.0488785 -31.587165 439.5534001 1 0 0 0
62.37404 58.6792365 -31.602848 440.5763074 1 0 0 0
62.47781 58.3078875 -31.6174122 441.6030571 1 0 0 0
62.58155 57.9395856 -31.6318569 442.6213818 1 0 0 0
62.68533 57.572168 -31.6445132 443.6360814 1 0 0 0
62.78904 57.2072625 -31.655851 444.6430994 1 0 0 0
62.89278 56.8451571 -31.6671017 445.6423902 1 0 0 0
62.99662 56.481729 -31.6765831 446.6443281 1 0 0 0
63.10039 56.1216255 -31.6847125 447.6364755 1 0 0 0
63.20396 55.7639648 -31.6927867 448.6218927 1 0 0 0
63.30771 55.4071432 -31.699008 449.6041922 1 0 0 0
63.41142 55.05134 -31.7039138 450.5832193 1 0 0 0
63.51527 54.6973362 -31.7087949 451.5572952 1 0 0 0
63.61882 54.3463289 -31.7117915 452.522609 1 0 0 0
63.72254 53.9977679 -31.7147672 453.4811953 1 0 0 0
63.82616 53.6520134 -31.7155804 454.4317215 1 0 0 0
63.92991 53.3058817 -31.7151693 455.3833238 1 0 0 0
64.03359 52.961652 -31.7147604 456.329697 1 0 0 0
64.13729 52.6203102 -31.7124446 457.2684865 1 0 0 0
64.24103 52.2814511 -31.7088667 458.2010059 1 0 0 0
64.34477 51.9439127 -31.7053027 459.1298909 1 0 0 0
64.44861 51.6073189 -31.6998822 460.0574331 1 0 0 0
64.55238 51.272349 -31.694488 460.9805004 1 0 0 0
64.65623 50.940364 -31.6869978 461.8975256 1 0 0 0
64.75995 50.6102573 -31.678288 462.8112763 1 0 0 0
64.86372 50.2826787 -31.6696448 463.7180293 1 0 0 0
64.96745 49.95591 -31.6591154 464.6261665 1 0 0 0
65.07121 49.6321023 -31.6473252 465.5294117 1 0 0 0
65.17492 49.30792 -31.6355213 466.4337019 1 0 0 0
65.27891 48.9878628 -31.6219767 467.3321334 1 0 0 0
65.38243 48.6715893 -31.6085922 468.2199433 1 0 0 0
65.48612 48.3569391 -31.593119 469.1111228 1 0 0 0
65.58979 48.0444092 -31.57775 469.9962968 1 0 0 0
65.69356 47.7368623 -31.5603461 470.877741 1 0 0 0
65.79731 47.4343359 -31.5418524 471.7525149 1 0 0 0
65.90104 47.1352354 -31.5235682 472.6173825 1 0 0 0
66.0048 46.8422806 -31.5036371 473.4773533 1 0 0 0
66.10853 46.5528932 -31.4839486 474.3268522 1 0 0 0
66.21216 46.2722646 -31.4625878 475.1673022 1 0 0 0
66.31595 45.9944543 -31.4414416 475.9993117 1 0 0 0
66.4197 45.7282359 -31.4188459 476.8164473 1 0 0 0
66.52335 45.4704882 -31.3954708 477.6221805 1 0 0 0
66.62705 45.2173428 -31.3725131 478.4135269 1 0 0 0
66.73079 44.9742656 -31.3483651 479.1956941 1 0 0 0
66.83459 44.7334494 -31.3244417 479.9705861 1 0 0 0
66.9383 44.5021892 -31.2990751 480.7424908 1 0 0 0
67.04203 44.2722486 -31.2738532 481.5099914 1 0 0 0
67.14589 44.0524311 -31.2471145 482.276963 1 0 0 0
67.24958 43.8332328 -31.2204511 483.0417747 1 0 0 0
67.35346 43.6252142 -31.1922405 483.8073847 1 0 0 0
67.45725 43.4166306 -31.1639532 484.5750741 1 0 0 0
67.56105 43.2208012 -31.1341042 485.3440654 1 0 0 0
67.66492 43.0253897 -31.1043189 486.111416 1 0 0 0
67.76921 42.8421008 -31.0725524 486.8906372 1 0 0 0
67.87284 42.6625408 -31.0414321 487.654006 1 0 0 0
67.97667 42.4977657 -31.0084143 488.4272319 1 0 0 0
68.08071 42.3325876 -30.9753158 489.2023494 1 0 0 0
68.18468 42.1888046 -30.9411959 489.9671066 1 0 0 0
68.28867 42.0423712 -30.9064471 490.7459606 1 0 0 0
68.39267 41.9202987 -30.8709331 491.5098055 1 0 0 0
68.49667 41.7948327 -30.8344318 492.2948846 1 0 0 0
68.60054 41.6942324 -30.7964638 493.080296 1 0 0 0
68.70454 41.5956824 -30.7592696 493.8497005 1 0 0 0
68.80842 41.5224382 -30.7195337 494.6419331 1 0 0 0
68.91219 41.4491552 -30.6797768 495.4345862 1 0 0 0
69.01604 41.4084619 -30.6390445 496.2184597 1 0 0 0
69.11982 41.3903762 -30.5964184 497.021145 1 0 0 0
69.22367 41.3725839 -30.5544836 497.8108108 1 0 0 0
69.32742 41.3891323 -30.5103137 498.6195731 1 0 0 0
69.43129 41.4057957 -30.4658371 499.4339521 1 0 0 0
69.53503 41.4641129 -30.4207638 500.2352939 1 0 0 0
69.63891 41.5237087 -30.3747023 501.0542044 1 0 0 0
69.74246 41.6195781 -30.3284375 501.8582299 1 0 0 0
69.84621 41.7478413 -30.2805681 502.6767165 1 0 0 0
69.95011 41.9066755 -30.2319114 503.4967413 1 0 0 0
70.05387 42.0638824 -30.1837531 504.308365 1 0 0 0
70.15743 42.2738324 -30.134351 505.1223499 1 0 0 0
70.2612 42.5184183 -30.0845861 505.9312305 1 0 0 0
70.36497 42.7934575 -30.03511 506.7258025 1 0 0 0
70.46857 43.1045536 -29.9850303 507.5211077 1 0 0 0
70.57236 43.4149496 -29.9350634 508.3146227 1 0 0 0
70.67596 43.7818125 -29.8850013 509.0957291 1 0 0 0
70.77967 44.1825452 -29.8354534 509.8606544 1 0 0 0
70.8833 44.6106935 -29.786937 510.6027273 1 0 0 0
70.98704 45.0438785 -29.7378498 511.35353 1 0 0 0
71.09066 45.5273956 -29.6897494 512.0789413 1 0 0 0
71.1944 46.0343273 -29.6431245 512.7763719 1 0 0 0
71.29824 46.5506125 -29.5956393 513.4866707 1 0 0 0
71.40199 47.1111187 -29.5498032 514.1640332 1 0 0 0
71.50572 47.6935781 -29.5051853 514.8192855 1 0 0 0
71.60945 48.2817648 -29.4601288 515.480981 1 0 0 0
71.71337 48.8951465 -29.4176538 516.098929 1 0 0 0
71.81705 49.5280125 -29.3753212 516.7129776 1 0 0 0
71.92092 50.1754373 -29.3338157 517.3128911 1 0 0 0
72.02467 50.8232702 -29.2941358 517.8842998 1 0 0 0
72.12829 51.49207 -29.2549584 518.446532 1 0 0 0
72.23206 52.1705559 -29.2168933 518.9910883 1 0 0 0
72.33568 52.851123 -29.1809291 519.5035522 1 0 0 0
72.43944 53.5513737 -29.1449513 520.0153508 1 0 0 0
72.54309 54.2521787 -29.1101018 520.5101887 1 0 0 0
72.6467 54.9727294 -29.0754726 521.0010166 1 0 0 0
72.75044 55.6954671 -29.0407382 521.4933343 1 0 0 0
72.85405 56.4287149 -29.007778 521.9589693 1 0 0 0
72.95766 57.1754149 -28.975315 522.416968 1 0 0 0
73.06145 57.9343001 -28.943373 522.8671076 1 0 0 0
73.1652 58.7007452 -28.9121201 523.3071198 1 0 0 0
73.26893 59.4845506 -28.8811356 523.7430139 1 0 0 0
73.37269 60.2652713 -28.8512034 524.1638472 1 0 0 0
73.47641 61.062827 -28.8215253 524.5809226 1 0 0 0
73.58027 61.8626707 -28.7917621 524.9991945 1 0 0 0
73.68394 62.6643333 -28.7634819 525.3964179 1 0 0 0
73.78775 63.4839131 -28.7353704 525.7912619 1 0 0 0
73.89155 64.2101567 -28.6944733 526.3456185 1 0 0 0
73.99531 64.9326493 -28.6537874 526.8971119 1 0 0 0
74.09904 65.6677924 -28.6123891 527.4582616 1 0 0 0
74.20279 66.4004192 -28.5711325 528.0174906 1 0 0 0
74.30654 67.2440994 -28.5049148 528.4182611 1 0 0 0
74.41037 68.12789 -28.4285467 528.7319343 1 0 0 0
74.51417 69.0293426 -28.3474674 528.9904648 1 0 0 0
74.61785 69.9421371 -28.2653681 529.2522479 1 0 0 0
74.72147 70.880802 -28.1776455 529.4372752 1 0 0 0
74.82518 71.8211252 -28.0890579 529.5895723 1 0 0 0
74.92895 72.7806016 -27.9980633 529.7148156 1 0 0 0
75.03264 73.7427258 -27.9062095 529.8110629 1 0 0 0
75.13631 74.7188075 -27.8123979 529.8800119 1 0 0 0
75.24009 75.7028233 -27.7171786 529.9214585 1 0 0 0
75.34368 76.6836223 -27.6216146 529.9357778 1 0 0 0
75.44746 77.6783887 -27.524017 529.9241831 1 0 0 0
75.55107 78.6781938 -27.4252336 529.8872662 1 0 0 0
75.65469 79.6827216 -27.3252765 529.8259172 1 0 0 0
75.75845 80.6970525 -27.2236178 529.7406622 1 0 0 0
75.8622 81.7102648 -27.1213312 529.6333447 1 0 0 0
75.96581 82.7254847 -27.0180907 529.5049304 1 0 0 0
76.06954 83.7456063 -26.913587 529.3562294 1 0 0 0
76.17316 84.7641737 -26.8084669 529.1893974 1 0 0 0
76.27699 85.7907162 -26.7017333 529.0041435 1 0 0 0
76.3806 86.8143642 -26.5944986 528.8036194 1 0 0 0
76.48435 87.8489857 -26.4852956 528.5864095 1 0 0 0
76.5881 88.8819128 -26.3754374 528.356326 1 0 0 0
76.69175 89.9136778 -26.2648605 528.114715 1 0 0 0
76.79532 90.9496832 -26.1529751 527.8617239 1 0 0 0
76.89907 91.9918482 -26.0395529 527.5981865 1 0 0 0
77.0028 93.0411552 -25.9240266 527.3221664 1 0 0 0
77.10642 94.0859007 -25.8083362 527.0434897 1 0 0 0
77.21016 95.1365533 -25.6911947 526.759612 1 0 0 0
77.31383 96.1931312 -25.5725182 526.4713414 1 0 0 0
77.41744 97.2541599 -25.4524191 526.180238 1 0 0 0
77.52117 98.3201552 -25.3308009 525.8875217 1 0 0 0
77.62488 99.3920894 -25.2085052 525.5931746 1 0 0 0
