-112.19779840000001 -12.215224000000001 199.65848139999997
-110.29655055555556 -12.269827888888889 203.56011211111112
-108.66374414285714 -13.356858142857144 207.68860528571432
-106.3140454090909 -13.351329318181818 210.6350525454545
-104.23673041666667 -13.469554333333335 212.8496549166667
-102.33662438095237 -13.998286666666663 215.33281209523813
-100.23465434374998 -14.136963781249998 217.2763448125
-98.47812490625005 -14.41166875 218.85601925
-96.41541445454544 -14.66776327272727 220.6189644242424
-94.31055037037036 -14.852542259259259 222.24510937037047
-92.26370583333333 -15.042340083333336 223.77479108333333
-90.32954235294119 -15.270752735294122 225.07245161764703
-88.39163158823531 -15.637264735294115 226.4871388823529
-86.35241784375003 -15.99076390625 227.913667625
-84.23589351282051 -16.17494612820513 228.83333607692302
-82.30158947368425 -16.540521394736846 229.92453339473684
-80.44482793333333 -16.898346333333336 230.90148253333334
-78.49161485714285 -17.03090762857143 231.4223284857143
-76.37130047999999 -17.089345599999998 231.94260592000003
-74.33648888 -17.168241480000002 232.40049368
-72.38704952380952 -17.337015095238097 232.92531976190472
-70.31490542857144 -17.51051638095238 233.42950685714285
-68.5034938125 -17.796775874999998 233.95463656249999
-66.34414194736841 -17.70397273684211 234.01949531578947
-64.24117573913044 -17.984434086956522 234.33594052173913
-62.369818205882346 -18.397121117647057 234.7622165588235
-60.49417327586207 -18.70640275862069 235.04800303448272
-58.327206384615394 -19.07562584615384 235.35436753846156
-56.25693884374999 -19.493293624999996 235.67701715625
-54.202524888888895 -19.76510433333333 235.80848237037037
-52.54173363636364 -20.070038636363638 235.9619645454546
-50.56782976190476 -20.07739380952381 235.67069042857142
-48.30798813636364 -20.207659272727277 235.45435068181817
-46.2235675909091 -20.435631181818184 235.30660622727274
-44.503725124999995 -20.916541812500004 235.58781512500002
-42.438269739130426 -21.039107 235.29678795652177
-40.35471474999999 -21.438774200000005 235.44731095000003
-38.527609562500004 -21.23333675 235.0658944375
-36.41886407692308 -21.461572230769224 235.1200952307692
-34.481220375 -21.71564775 235.63904162499998
-32.22997775 -22.7854525 237.963000375
-30.657050100000003 -22.7856053 238.02625479999998
-28.184450999999996 -23.864875 240.20481771428567
-26.162516555555552 -24.211475999999998 240.99386944444444
-24.389521944444443 -24.238061388888887 241.16774449999997
-22.20833 -24.348734800000003 241.63700099999994
-20.5027956 -24.45238633333333 241.90584539999998
-18.308620363636365 -24.80571827272727 242.62971509090903
-16.300350799999997 -25.197263400000004 243.19582259999999
-14.509516535714283 -25.158525107142857 243.48435685714293
-12.119421814814816 -25.376965740740737 244.11694770370374
-10.234150736842105 -25.544137684210526 244.3938726842105
-8.05238838095238 -25.698445095238093 245.1079994761905
-6.698358125 -26.014638250000004 245.54445975
-4.211072333333333 -27.193829333333337 248.76990366666666
-2.132334 -27.30305175 249.504895
-0.3027475 -27.22430075 249.79676891666668
1.5583046875000002 -27.2375850625 250.40962693750004
3.637947476190477 -27.31073261904762 251.17364095238094
5.6206157333333335 -27.746687600000005 252.55995046666663
7.08151775 -27.955980625000002 253.63663887500002
9.5770786 -28.1657737 254.8892649
11.742397444444444 -28.689487444444442 257.02663755555557
13.544993166666666 -28.89488916666667 258.2244713333333
15.809074894736844 -28.734306842105262 259.148164631579
17.489457875000003 -29.055118624999995 260.5799755
19.738181649999994 -29.2922948 262.36272499999995
21.496360399999997 -29.2728062 263.2929306
23.41406291666667 -29.413215583333336 264.91994
25.897198954545456 -29.410099499999998 266.4236512272727
27.782751324324334 -29.460754324324324 267.63824156756755
29.163554555555557 -29.56691666666667 268.32595127777785
31.773570777777778 -29.466122777777773 270.17712933333337
33.6644199 -29.224322100000002 271.0423639
35.91722029411765 -30.169518176470586 274.71515
37.73981354545455 -30.371151500000007 276.33621195454543
39.82873812820512 -30.132727589743592 277.5451071794872
41.71109092063494 -30.434731539682545 280.08863957142864
43.717899709090894 -30.42255561818183 282.08463532727274
45.789309051282046 -30.379946397435887 283.97982246153833
47.60838786734697 -30.64780735714285 286.97257371428583
49.78203299115044 -30.40372496460177 288.92457856637174
51.586285309734556 -30.340197787610617 290.9860124867256
53.63092949350649 -30.222193610389617 293.56636942857153
55.66563100000001 -30.023320429906548 296.715790271028
57.57257690721651 -29.891426360824735 300.135530773196
59.514759274193544 -29.634085016129028 303.2201002258064
61.661893156249995 -29.294673328125008 307.08499029687493
63.303609800000004 -28.940559900000004 308.65165479999996
62.48635366666664 -29.67970228571429 310.8803615476191
63.13138883333335 -29.75239844871795 312.77391656410265
63.89460982075468 -29.881909603773586 314.8504586320755
64.87014261290322 -29.889474064516126 316.85924538709685
66.15884521951222 -29.803600756097566 318.82179285365856
67.10897899999999 -29.95602087179487 321.1151656153846
68.5132875 -29.57702835714286 322.7584508571429
69.72999611111112 -29.37169516666667 324.7420111666667
69.28880963636364 -29.904308303030305 326.8439033030304
70.21306025925927 -29.784290555555557 328.90627537037034
71.21945522727273 -29.548123545454544 330.86014468181816
71.97656222580646 -29.40100845161291 332.5660459354838
73.27768710000001 -29.0346237 334.75641766666666
73.81794574468087 -29.085420297872336 336.8483813191489
74.42674099999999 -28.99892607317074 338.7275964390244
74.69772516666669 -29.155846190476197 340.8487505476191
74.98583263829786 -29.21436070212765 342.9440523191489
75.31627537931033 -29.27278915517241 344.6995136551723
75.83395592105263 -29.224623789473682 346.8665923157895
76.73278317857145 -29.12654574999999 348.8134211071428
77.07917115151514 -29.141793666666672 350.9626456060606
77.29722269444444 -29.204676000000006 352.7595188055555
76.87249046428572 -29.49371785714285 354.56074257142853
77.29107664 -29.542155479999998 356.69092919999997
77.83112064999999 -29.667743900000005 359.04121304999995
76.715082 -30.53409581818182 360.5625217272727
77.77505866666665 -30.260338999999995 362.9598311904762
79.16230018181818 -29.708305727272734 364.81895872727273
79.28774129411765 -29.724556529411768 366.7822557647058
79.14609960526316 -29.772421210526318 368.74357584210526
79.87231212500002 -29.556792437499997 370.81509515625004
79.12109283870969 -29.6163106451613 372.8189532258065
79.38760841176472 -29.315045588235296 374.5230147058823
78.65556955555556 -29.269723722222224 376.7918311111111
76.1055909375 -29.997823937500005 378.74646225000004
74.9122957236842 -30.06524317105263 380.95188573684203
74.86744712162162 -29.97991693243243 382.661192527027
74.84980258333336 -29.930412624999992 384.976766125
74.15325013636362 -30.201750590909093 387.1783831363636
73.551816 -30.479045750000008 388.91062483333343
73.30270057142856 -30.579343428571427 390.51486914285715
73.16244114285713 -30.522011142857142 392.59392042857144
72.85944174999999 -30.607882999999998 394.439205
73.0833901 -30.212424699999996 397.2359523
72.82327114285714 -30.461829428571427 398.1965345714286
73.09870171428571 -30.224346142857144 400.6924304285714
72.60175877777777 -30.31689238888889 402.72478361111115
72.58916535714286 -30.147585714285718 405.0984042857143
71.6478126 -30.4760062 406.89449640000004
70.51757875000001 -30.755379499999997 408.6879715
68.166689 -31.394403 411.940918
65.58590866666667 -31.897981666666663 416.5483073333333
67.95134145 -30.771471150000004 418.78708035
66.17639729166667 -31.196218708333337 421.0833266249999
65.82510193749998 -31.091378770833334 423.04420335416677
64.60968276576577 -31.31771701801802 424.88003573873885
64.13906106849315 -31.314661369863 426.7877053287671
63.48240605263158 -31.320402921052636 428.9388183421053
62.415488135135114 -31.552529918918918 430.8560432432433
62.098959977777746 -31.48453704444444 432.8740595333334
61.40076659459461 -31.502108135135142 434.61570870270265
60.625726822222205 -31.587034222222204 436.7858716666667
60.2605875 -31.440765 438.8241664230769
59.68216843750002 -31.448644916666662 440.72566924999984
58.63649334883721 -31.56092341860465 442.7862290232559
57.548735055555554 -31.71497844444444 444.66539216666666
55.933296999999996 -32.0064354 446.8110983
54.457584923076936 -32.341385153846154 448.8368523076922
53.84152226666666 -32.2276914 450.65984
53.790806090909086 -32.081500454545456 452.2924187272727
53.48902684615385 -31.805701384615382 454.83648938461545
53.20646175000001 -31.619185416666667 456.60376662499993
51.213550857142856 -32.084968714285715 458.90225142857133
50.54639211764706 -32.05032641176471 460.96168205882356
49.110210971428565 -32.139763542857146 463.0114066
48.686652541666696 -31.90910929166667 464.70371329166665
48.12211305263158 -31.798933315789466 466.5724146842105
47.10429555555556 -31.681043888888887 468.24303422222226
45.003305499999996 -31.637392499999997 469.9118835
47.201508 -30.737788999999996 472.96617466666675
46.410084000000005 -30.59034966666667 474.78708
46.703203 -30.472442 475.866096
47.323159 -30.292303 478.228103
46.374833 -30.120732 480.429466
45.085038 -29.881596 483.499777
44.017395000000015 -30.850428045454546 485.1680952272728
43.55389781355932 -30.762298677966104 486.88143472881353
43.06890395 -30.7080973 488.5117933
42.586504749999996 -30.539204625 490.8608010625
40.801971888888886 -31.36766940740741 492.9064553333333
40.81218594117647 -31.357193382352943 494.9847995294116
41.37992609756097 -31.101796292682927 497.05355995121954
41.90590845945947 -30.91440135135135 498.7394744594594
44.6551402 -30.6099618 508.7837392
46.715920499999996 -30.233175642857145 512.1293142142856
48.66192475862068 -29.943483413793107 514.4048421724139
50.28481063829788 -29.725318404255315 515.9658915957448
53.31693275 -29.923029 520.5664850000001
54.495190875 -29.774252875 521.4739882499999
56.559709562500004 -29.548905937500002 523.0154208124999
58.86094527777777 -29.341235055555565 524.6229082777777
60.697573999999996 -29.147347479999997 525.65404534
62.661041445945926 -28.84441751351352 526.3468038918918
64.624445 -28.622943546666658 527.0631451333333
66.60396927659575 -28.43172317021276 527.8208566382979
68.9318004827586 -28.315330517241385 528.7254701379311
70.64521333333333 -28.44297733333333 529.6156632
72.2071936060606 -28.043189727272726 529.412097060606
74.51943693023257 -27.827048860465116 529.6840383953488
76.60523888372094 -27.6423974883721 529.8906502558137
78.7052295128205 -27.405023717948716 529.912649
80.74785382222223 -27.132034911111123 529.7325443555555
82.82680158064515 -27.027401709677424 529.7091690000001
84.81722522222225 -26.86955366666667 529.4488620555555
87.20361309756095 -26.604470951219515 528.9178197804878
89.4194001 -26.124609099999997 527.9359973999999
90.25867411111109 -26.26404986111111 528.1279632500001
91.90767948148147 -26.172264703703704 527.7458752222221
94.70699515789474 -25.703987315789476 526.4559867368422