0.0
0.10339609599999999
0.20676582399999965
0.31015475199999987
0.4136632320000002
0.5170380799999998
0.6204257279999998
0.7237982719999998
0.8273134080000002
0.9306990079999995
1.0341908479999997
1.1375738879999995
1.2409653760000001
1.3444728320000001
1.4478430719999995
1.5512340479999995
1.6547351040000002
1.758116352
1.8615065599999996
1.9650129920000001
2.0683886080000002
2.171786752
2.2752752640000002
2.378655232
2.482170624
2.585543168
2.6890478079999998
2.792438272
2.8959470080000003
2.9993190399999996
3.1028249599999995
3.2062041599999995
3.309717248
3.413140224
3.516601088
3.620113664
3.7234903040000003
3.8270074879999996
3.9305029119999997
4.03401216
4.137527039999999
4.241024768
4.34454016
4.4480371199999995
4.551549184
4.655060736
4.758568959999999
4.862075904
4.965696768
5.069202944
5.172720127999999
5.276224512
5.379725056000001
5.483252992
5.586860032
5.690370047999999
5.793995776
5.897521152
6.001011456
6.104516864
6.208153088
6.311683584
6.415162112
6.5187985920000004
6.622301184
6.725936128
6.829439487999999
6.932947712
7.036455424000001
7.1400847359999995
7.243591680000001
7.347098624
7.450729472
7.554241024
7.657871616
7.761503744
7.865131775999999
7.968639488
8.072270335999999
8.175902208
8.279540480000001
8.383173119999999
8.486804736
8.590435584000002
8.693984512
8.797573887999999
8.901222143999998
9.004836095999998
9.108464640000001
9.211981055999999
9.315607296
9.419281664
9.522864127999998
9.626499840000001
9.730128128
9.833634048
9.937265407999998
10.040897536
10.144403456
10.248033280000001
10.351674112000001
10.455302144000001
10.558935808000001
10.662437376
10.766072831999999
10.869701631999998
10.973334271999999
11.076965376
11.180594176
11.284227072
11.387858944000001
11.491490815999999
11.595124224
11.698630655999999
11.802263808
11.905891072
12.009529088
12.113166591999999
12.216787455999999
12.320294911999998
12.42392576
12.527431424
12.631063552
12.734572799999999
12.838207231999998
12.941714687999998
13.04533888
13.148844799999999
13.252479487999999
13.355986431999998
13.459633919999998
13.56324992
13.666889983999997
13.770404864
13.874030592
13.977529344
14.081159168
14.184795135999998
14.288301311999998
14.391939328
14.495569919999998
14.599196415999998
14.70269824
14.806326784
14.909971455999997
15.013470719999997
15.117098496
15.220735743999999
15.324237567999997
15.427876351999998
15.531508992
15.635008
15.738647552
15.842208767999999
15.945783551999998
16.049290751999997
16.152803327999997
16.2564288
16.359939584
16.463440895999998
16.567076351999997
16.670579712
16.774205696
16.877713919999998
16.981358592
17.084856832
17.188494335999998
17.291993087999998
17.395638528
17.499253504
17.602891264
17.70639744
17.810145024
17.913662719999998
18.017289727999998
18.120928
18.22459392
18.328063487999998
18.431693312
18.5353216
18.638827264
18.742457343999998
18.845966848
18.94964224
19.05322752
19.156735744
19.260366592
19.363878656
19.46738048
19.571025408
19.674648576
19.778153984
19.881793536
19.985416192
20.088917503999998
20.192552448
20.296194304
20.399828224
20.503332607999997
20.606966015999998
20.710596352
20.814217728
20.917848319999997
21.021478912
21.125133056
21.228747776
21.332254719999998
21.435912704
21.539517952
21.64303232
21.746527487999998
21.850163456
21.95366912
22.057295615999998
22.160825856
22.26444288
22.368071168
22.47160576
22.575205632
22.678838016
22.782468864
22.8860992
22.98973952
23.093237503999998
23.196869888
23.30038912
23.404010751999998
23.507514112
23.611023103999997
23.714658048
23.818162943999997
23.921804288
24.025298688
24.1288064
24.232439552
24.335947775999998
24.439451136
24.543083776
24.646591488
24.750097919999998
24.853602048
24.957239808
25.060741376
25.164252672
25.267883519999998
25.371393024
25.474892032
25.578524672
25.682038272
25.785544448
25.889049856
25.992677376
26.09618816
26.199850496
26.303352064
26.406965248
26.510592256
26.614124288
26.717724672
26.821236224
26.924881663999997
27.028374784
27.132045568
27.23551744
27.339134464
27.442773503999998
27.546279935999998
27.649913343999998
27.753418496
27.856930304
27.960440064
28.064069632
28.167562752000002
28.271201536
28.374710528
28.478341631999996
28.581973503999997
28.685471743999997
28.789106431999997
28.892620031999996
29.000679167999998
29.099760128
29.203385087999997
29.307016704
29.410652927999998
29.514323968
29.617920255999998
29.721416704
29.825060352
29.92868608
30.032312319999996
30.135944191999997
30.239580928000002
30.343095808
30.446726655999996
30.550354944
30.653988096