15.46885 1.2845882 0.0385555 5.3045101 -0.0212012 0.5558098 -0.0381514 0.8301629 
15.684171 1.4514434 0.0340858 5.3655415 -0.0216224 0.5776589 -0.0424833 0.8148852 
15.899492 1.6258692 0.0302099 5.4283667 -0.0158836 0.6005727 -0.0456260 0.7981093 
16.114813 1.8071411 0.0205440 5.4756975 -0.0131361 0.6280100 -0.0515334 0.7763860 
16.330134 1.9953589 0.0091095 5.5094752 -0.0120096 0.6599910 -0.0584174 0.7489026 
16.545455 2.1881402 -0.0064533 5.5295153 -0.0081085 0.6907414 -0.0617187 0.7204175 
16.760776 2.3175042 -0.0178534 5.5328183 -0.0042941 0.7093306 -0.0643956 0.7019152 
16.976097 2.4472446 -0.0311383 5.5295463 -0.0016874 0.7262440 -0.0657268 0.6842856 
17.191418 2.5788746 -0.0455071 5.5199432 0.0011300 0.7411935 -0.0665277 0.6679858 
17.406739 2.7106366 -0.0604393 5.5041256 0.0055078 0.7545177 -0.0684682 0.6526752 
17.62206 2.8439088 -0.0765864 5.4836636 0.0077638 0.7675402 -0.0697594 0.6371464 
17.837381 2.9747720 -0.0936549 5.4580879 0.0067045 0.7812520 -0.0702883 0.6202096 
18.052702 3.0989563 -0.1112647 5.4278097 0.0037710 0.7946151 -0.0716792 0.6028554 
18.268023 3.2224021 -0.1290384 5.3922548 0.0036661 0.8072855 -0.0748252 0.5853870 
18.483344 3.3440881 -0.1477263 5.3513918 0.0013835 0.8210272 -0.0749234 0.5659496 
18.698665 3.4598193 -0.1657804 5.3055091 -0.0002822 0.8346984 -0.0734735 0.5457840 
18.913986 3.5731788 -0.1839649 5.2542486 -0.0006018 0.8476178 -0.0730211 0.5255584 
19.129307 3.6820030 -0.2017722 5.1974974 0.0016475 0.8592455 -0.0728905 0.5063411 
19.344628 3.7852635 -0.2196411 5.1381607 0.0031434 0.8705073 -0.0717514 0.4868869 
19.559949 3.8848238 -0.2377021 5.0745883 0.0042127 0.8804995 -0.0740772 0.4682046 
19.77527 3.9789352 -0.2561609 5.0093470 0.0061739 0.8889809 -0.0825593 0.4503984 
19.990591 4.0679646 -0.2754617 4.9428587 0.0043958 0.8976802 -0.0858693 0.4321775 
20.205912 4.1547823 -0.2953030 4.8720021 0.0014825 0.9059942 -0.0871775 0.4142131 
20.421233 4.2361240 -0.3151653 4.8001447 0.0008076 0.9137501 -0.0868230 0.3968904 
20.636554 4.3138056 -0.3348542 4.7256975 -0.0000020 0.9208041 -0.0894650 0.3796259 
20.851875 4.3877106 -0.3541962 4.6504660 -0.0003732 0.9275494 -0.0894637 0.3628336 
21.067196 4.4570575 -0.3732461 4.5735388 -0.0006731 0.9331337 -0.0854718 0.3492215 
21.282517 4.5233636 -0.3913581 4.4956894 -0.0001974 0.9372234 -0.0841443 0.3384258 
21.497838 4.5868230 -0.4094780 4.4196329 -0.0002162 0.9395721 -0.0864444 0.3312576 
21.713159 4.6479740 -0.4277813 4.3443489 0.0016540 0.9408228 -0.0927063 0.3259681 
21.92848 4.7073550 -0.4454832 4.2699962 0.0001020 0.9424282 -0.0904531 0.3219430 
22.143801 4.7650142 -0.4626508 4.1961212 -0.0011683 0.9436296 -0.0838609 0.3202018 
22.359122 4.8212790 -0.4785631 4.1240711 -0.0004123 0.9432453 -0.0865383 0.3206232 
22.574443 4.8775010 -0.4952641 4.0532722 -0.0020561 0.9424294 -0.0888188 0.3223878 
22.789764 4.9338050 -0.5120603 3.9831610 -0.0031053 0.9410961 -0.0902676 0.3258531 
23.005085 4.9899726 -0.5280681 3.9150839 -0.0044258 0.9392365 -0.0909115 0.3309837 
23.220406 5.0453625 -0.5436088 3.8495574 -0.0033835 0.9370500 -0.0892380 0.3375833 
23.435727 5.1009245 -0.5589992 3.7863834 -0.0036067 0.9347823 -0.0895165 0.3437381 
23.651048 5.1579785 -0.5743845 3.7231135 -0.0051095 0.9326022 -0.0880468 0.3499641 
23.866369 5.2151861 -0.5891042 3.6607153 -0.0055446 0.9302160 -0.0875781 0.3563672 
24.08169 5.3007717 -0.6111196 3.5703535 -0.0051887 0.9263404 -0.0900152 0.3657373 
24.297011 5.3891735 -0.6335055 3.4806621 -0.0072261 0.9226690 -0.0891375 0.3750790 
24.512332 5.4486494 -0.6480433 3.4228518 -0.0073647 0.9203317 -0.0877398 0.3810998 
24.727653 5.5081911 -0.6620207 3.3655226 -0.0057433 0.9174986 -0.0879007 0.3878619 
24.942974 5.5689874 -0.6767610 3.3098104 -0.0037117 0.9138259 -0.0888008 0.3962610 
25.158295 5.6302891 -0.6907870 3.2552345 -0.0045806 0.9103032 -0.0888801 0.4042615 
25.373616 5.6927958 -0.7052146 3.2008898 -0.0065527 0.9083825 -0.0884675 0.4086218 
25.588937 5.7563076 -0.7189270 3.1471643 -0.0061193 0.9071920 -0.0901132 0.4109074 
25.804258 5.8206902 -0.7335743 3.0923266 -0.0048442 0.9059686 -0.0892749 0.4137963 
26.019579 5.8869781 -0.7481372 3.0374665 -0.0042884 0.9045520 -0.0897662 0.4167846 
26.2349 5.9535255 -0.7627814 2.9822295 -0.0035235 0.9032804 -0.0862552 0.4202763 
26.450221 6.0210009 -0.7768381 2.9276547 -0.0031763 0.9011879 -0.0866742 0.4246621 
26.665542 6.0881357 -0.7911755 2.8743420 -0.0023229 0.8983097 -0.0867962 0.4306979 
26.880863 6.1565228 -0.8050206 2.8225832 -0.0019511 0.8950707 -0.0855684 0.4376331 
27.096184 6.2602262 -0.8264419 2.7462931 0.0017663 0.8878223 -0.0844685 0.4523644 
27.311505 6.3684635 -0.8474511 2.6740172 -0.0008052 0.8802190 -0.0840319 0.4670678 
27.526826 6.4408841 -0.8612881 2.6280780 -0.0015982 0.8749273 -0.0853586 0.4766693 
27.742147 6.5146990 -0.8748751 2.5835278 -0.0039298 0.8701110 -0.0849683 0.4854605 
27.957468 6.5883780 -0.8881504 2.5406213 -0.0046701 0.8661537 -0.0835865 0.4927162 
28.172789 6.6638069 -0.9012976 2.4983118 -0.0064912 0.8619159 -0.0833173 0.5001170 
28.38811 6.7380543 -0.9135817 2.4593587 -0.0061110 0.8575920 -0.0847385 0.5072653 
28.603431 6.8135586 -0.9263546 2.4205091 -0.0065916 0.8530694 -0.0834403 0.5150407 
28.818752 6.8885527 -0.9390017 2.3837948 -0.0082461 0.8484313 -0.0806947 0.5230533 
29.034073 6.9640408 -0.9503976 2.3488483 -0.0108713 0.8435477 -0.0798743 0.5309701 
29.249394 7.0396528 -0.9611948 2.3157799 -0.0123932 0.8387540 -0.0792394 0.5385715 
29.464715 7.1156845 -0.9725304 2.2840390 -0.0135939 0.8337598 -0.0787940 0.5463071 
29.680036 7.1917753 -0.9827045 2.2536552 -0.0133035 0.8284701 -0.0790157 0.5542715 
29.895357 7.2685580 -0.9928142 2.2245188 -0.0140700 0.8235590 -0.0772975 0.5617629 
30.110678 7.3459282 -1.0030661 2.1964004 -0.0161732 0.8201240 -0.0751006 0.5670052 
30.325999 7.4236202 -1.0123442 2.1686847 -0.0183887 0.8178206 -0.0727151 0.5705644 
30.54132 7.5017395 -1.0211487 2.1413207 -0.0198274 0.8165459 -0.0705903 0.5726052 
30.756641 7.5792098 -1.0301952 2.1144969 -0.0194924 0.8153360 -0.0718756 0.5741787 
30.971962 7.6580677 -1.0389075 2.0874069 -0.0187477 0.8141555 -0.0711000 0.5759724 
31.187283 7.7375245 -1.0475872 2.0607164 -0.0190146 0.8136342 -0.0680324 0.5770697 
31.402604 7.8166642 -1.0558329 2.0336511 -0.0203180 0.8127905 -0.0650435 0.5785569 
31.617925 7.8972416 -1.0637450 2.0073769 -0.0210838 0.8125207 -0.0646286 0.5789549 
31.833246 8.0183849 -1.0753262 1.9679296 -0.0228611 0.8122154 -0.0625228 0.5795467 
32.048567 8.1404047 -1.0863835 1.9288108 -0.0241877 0.8117968 -0.0601225 0.5803328 
32.263888 8.2615099 -1.0963504 1.8893549 -0.0257150 0.8103115 -0.0573042 0.5826236 
32.479209 8.3836555 -1.1056440 1.8512132 -0.0271372 0.8077481 -0.0548411 0.5863439 
32.69453 8.4647541 -1.1116495 1.8264897 -0.0274917 0.8041422 -0.0519559 0.5915235 
32.909851 8.5457125 -1.1171304 1.8032193 -0.0275856 0.7998263 -0.0518585 0.5973504 
33.125172 8.6275434 -1.1221030 1.7814333 -0.0292132 0.7952970 -0.0505121 0.6034051 
33.340493 8.7097254 -1.1271230 1.7605791 -0.0297327 0.7901675 -0.0472712 0.6103415 
33.555814 8.7921848 -1.1315943 1.7415084 -0.0283133 0.7834435 -0.0463071 0.6190882 
33.771135 8.8771753 -1.1355064 1.7239993 -0.0280817 0.7762408 -0.0448324 0.6282130 
33.986456 8.9626055 -1.1398605 1.7085261 -0.0305690 0.7688254 -0.0428327 0.6372899 
34.201777 9.0493479 -1.1432645 1.6945848 -0.0319294 0.7610736 -0.0411445 0.6465713 
34.417098 9.1374712 -1.1458273 1.6825156 -0.0343365 0.7536550 -0.0360473 0.6553822 
34.632419 9.2261200 -1.1477836 1.6719030 -0.0324130 0.7453569 -0.0321146 0.6651024 
34.84774 9.3159275 -1.1491671 1.6637499 -0.0324554 0.7358664 -0.0289584 0.6757283 
35.063061 9.4080267 -1.1495239 1.6583059 -0.0333514 0.7266331 -0.0258270 0.6857295 
35.278382 9.5006561 -1.1500082 1.6555017 -0.0342291 0.7170363 -0.0234145 0.6958010 
35.493703 9.5941839 -1.1498449 1.6549994 -0.0356028 0.7076264 -0.0229059 0.7053174 
35.709024 9.6884832 -1.1490272 1.6575420 -0.0384643 0.7001747 -0.0245315 0.7125124 
35.924345 9.7830372 -1.1484358 1.6613423 -0.0392949 0.6931775 -0.0263535 0.7192124 
36.139666 9.8779516 -1.1475426 1.6673312 -0.0441046 0.6866832 -0.0262326 0.7251433 
36.354987 9.9753132 -1.1456624 1.6749930 -0.0480083 0.6807360 -0.0283876 0.7304025 
36.570308 10.0727348 -1.1438280 1.6845889 -0.0525835 0.6765963 -0.0302276 0.7338520 
36.785629 10.1698837 -1.1418142 1.6939566 -0.0504760 0.6742042 -0.0357830 0.7359487 
37.00095 10.2663307 -1.1400677 1.7034864 -0.0503746 0.6730733 -0.0389984 0.7368269 
37.216271 10.3643675 -1.1396168 1.7137876 -0.0512124 0.6726418 -0.0378817 0.7372214 
37.431592 10.5125742 -1.1381508 1.7281015 -0.0490070 0.6714358 -0.0376066 0.7384837 
37.646913 10.6122923 -1.1371081 1.7389257 -0.0477035 0.6698399 -0.0364404 0.7400751 
37.862234 10.7125435 -1.1364253 1.7500799 -0.0478384 0.6657377 -0.0353107 0.7438131 
38.077555 10.8123484 -1.1355534 1.7628491 -0.0471159 0.6582354 -0.0335052 0.7505889 
38.292876 10.9118652 -1.1340119 1.7786727 -0.0477475 0.6487868 -0.0336167 0.7587264 
38.508197 11.0103750 -1.1325516 1.7968788 -0.0497178 0.6387624 -0.0329932 0.7670868 
38.723518 11.1080141 -1.1309092 1.8171555 -0.0504776 0.6284161 -0.0313767 0.7756035 
38.938839 11.2045736 -1.1286411 1.8407090 -0.0516229 0.6178211 -0.0309592 0.7840113 
39.15416 11.3003569 -1.1256840 1.8666222 -0.0531545 0.6070595 -0.0338218 0.7921549 
39.369481 11.3946009 -1.1227551 1.8957354 -0.0564231 0.5987772 -0.0373929 0.7980502 
39.584802 11.4889393 -1.1199229 1.9252344 -0.0571263 0.5934932 -0.0379784 0.8019102 
39.800123 11.5831203 -1.1169537 1.9552493 -0.0559100 0.5897039 -0.0367209 0.8048447 
40.015444 11.6772947 -1.1141465 1.9858890 -0.0544001 0.5853323 -0.0360753 0.8081617 
40.230765 11.7707748 -1.1114705 2.0179868 -0.0529203 0.5809465 -0.0365727 0.8113957 
40.446086 11.8642159 -1.1083143 2.0516052 -0.0534921 0.5754661 -0.0365951 0.8152534 
40.661407 11.9571896 -1.1049190 2.0868526 -0.0565386 0.5699550 -0.0354637 0.8189609 
40.876728 12.0484314 -1.1018512 2.1221993 -0.0539399 0.5658202 -0.0355721 0.8219931 
41.092049 12.1376925 -1.0981984 2.1571183 -0.0520544 0.5633771 -0.0343823 0.8238413 
41.30737 12.2257395 -1.0960231 2.1922936 -0.0551828 0.5658779 -0.0359566 0.8218542 
41.522691 12.3134251 -1.0933664 2.2251635 -0.0575854 0.5748273 -0.0392491 0.8153018 
41.738012 12.3991261 -1.0908080 2.2547431 -0.0577206 0.5837225 -0.0390862 0.8089553 
41.953333 12.4822187 -1.0886713 2.2813222 -0.0560917 0.5890977 -0.0378962 0.8052214 
42.168654 12.5632057 -1.0867385 2.3070810 -0.0535000 0.5904109 -0.0379439 0.8044333 
42.383975 12.6436977 -1.0845027 2.3336644 -0.0515217 0.5865499 -0.0361355 0.8074645 
42.599296 12.7206402 -1.0828793 2.3600924 -0.0494646 0.5779254 -0.0332423 0.8139105 
42.814617 12.7978716 -1.0811050 2.3901396 -0.0487386 0.5651997 -0.0305419 0.8229466 
43.029938 12.8735418 -1.0789247 2.4218149 -0.0465704 0.5477498 -0.0266716 0.8349192 
43.245259 12.9478226 -1.0761032 2.4577801 -0.0457894 0.5272563 -0.0258345 0.8480783 
43.46058 13.0198650 -1.0736041 2.4978182 -0.0440916 0.5038703 -0.0256305 0.8622724 
43.675901 13.0887146 -1.0703443 2.5422983 -0.0449299 0.4779834 -0.0263506 0.8768232 
43.891222 13.1548939 -1.0667152 2.5905380 -0.0452624 0.4505236 -0.0258573 0.8912414 
44.106543 13.2178402 -1.0630314 2.6426163 -0.0445252 0.4236479 -0.0251061 0.9043835 
44.321864 13.2787571 -1.0593622 2.6986504 -0.0447519 0.4020464 -0.0273124 0.9141171 
44.537185 13.3390198 -1.0546436 2.7587781 -0.0516392 0.3892147 -0.0305756 0.9191901 
44.752506 13.3993092 -1.0500736 2.8193622 -0.0497563 0.3850536 -0.0346581 0.9209000 
44.967827 13.4606400 -1.0455468 2.8807259 -0.0474930 0.3855853 -0.0378453 0.9206716 
45.183148 13.5238218 -1.0417969 2.9425888 -0.0477914 0.3884169 -0.0371785 0.9194922 
45.398469 13.5886822 -1.0372870 3.0052757 -0.0436865 0.3908200 -0.0368815 0.9186898 
45.61379 13.6557426 -1.0337183 3.0691028 -0.0395807 0.3924675 -0.0368851 0.9181733 
45.829111 13.7236538 -1.0304062 3.1351981 -0.0418715 0.3937215 -0.0374263 0.9175127 
46.044432 13.7935476 -1.0266147 3.2023511 -0.0432999 0.3938774 -0.0389025 0.9173180 
46.259753 13.8643742 -1.0224769 3.2709346 -0.0436154 0.3933977 -0.0408402 0.9174246 
46.475074 13.9358616 -1.0187799 3.3402767 -0.0413201 0.3923034 -0.0422626 0.9179349 
46.690395 14.0079575 -1.0156286 3.4102631 -0.0395967 0.3889014 -0.0392372 0.9195914 
46.905716 14.0790844 -1.0124655 3.4816904 -0.0382213 0.3818416 -0.0343024 0.9227998 
47.121037 14.1495504 -1.0096221 3.5545774 -0.0357696 0.3726718 -0.0315794 0.9267356 
47.336358 14.2184095 -1.0070319 3.6282625 -0.0352155 0.3636530 -0.0304823 0.9303694 
47.551679 14.2854891 -1.0041621 3.7033215 -0.0354518 0.3548792 -0.0290832 0.9337870 
47.767 14.3501320 -1.0014260 3.7792177 -0.0344580 0.3466740 -0.0304076 0.9368592 
47.982321 14.4136610 -0.9987355 3.8561158 -0.0337461 0.3391451 -0.0300508 0.9396482 
48.197642 14.4755936 -0.9959691 3.9330530 -0.0328322 0.3329189 -0.0292578 0.9419295 
48.412963 14.5369205 -0.9934509 4.0105014 -0.0287751 0.3274685 -0.0270751 0.9440356 
48.628284 14.6275234 -0.9900261 4.1290092 -0.0260552 0.3197800 -0.0228522 0.9468578 
48.843605 14.6878014 -0.9878543 4.2089906 -0.0260046 0.3156302 -0.0221439 0.9482673 
49.058926 14.7471581 -0.9854272 4.2900681 -0.0272572 0.3130191 -0.0218069 0.9491051 
49.274247 14.8068695 -0.9827121 4.3712626 -0.0291767 0.3118258 -0.0182227 0.9495164 
49.489568 14.8666668 -0.9796110 4.4518070 -0.0282373 0.3108718 -0.0132293 0.9499402 
49.704889 14.9263573 -0.9763734 4.5333786 -0.0266364 0.3099142 -0.0101713 0.9503369 
49.92021 14.9859753 -0.9733279 4.6156445 -0.0268253 0.3087748 -0.0087324 0.9507167 
50.135531 15.0451012 -0.9699216 4.6982245 -0.0293324 0.3074996 -0.0095248 0.9510483 
50.350852 15.1034126 -0.9661903 4.7810764 -0.0321904 0.3069953 -0.0107918 0.9511052 
50.566173 15.1622791 -0.9620493 4.8634915 -0.0338349 0.3076424 -0.0115628 0.9508300 
50.781494 15.2213097 -0.9574537 4.9458694 -0.0357702 0.3093615 -0.0107741 0.9502105 
50.996815 15.2503738 -0.9550846 4.9862919 -0.0368619 0.3100318 -0.0109116 0.9499486 
51.212136 15.2797184 -0.9526213 5.0266695 -0.0383693 0.3107030 -0.0115673 0.9496619 
51.427457 15.3377380 -0.9476960 5.1070805 -0.0392678 0.3123016 -0.0124444 0.9490895 
51.642778 15.3957338 -0.9427978 5.1858311 -0.0394826 0.3135032 -0.0115115 0.9486961 
51.858099 15.4539757 -0.9379245 5.2639651 -0.0418786 0.3144654 -0.0086209 0.9483055 
52.07342 15.5115528 -0.9328206 5.3408957 -0.0422507 0.3155730 -0.0067500 0.9479362 
52.288741 15.5687447 -0.9271382 5.4172411 -0.0415012 0.3163633 -0.0040053 0.9477214 
52.504062 15.6254091 -0.9216352 5.4927883 -0.0398098 0.3163448 -0.0010290 0.9478081 
52.719383 15.6821232 -0.9161783 5.5681758 -0.0405175 0.3162082 0.0006562 0.9478239 
52.934704 15.7375908 -0.9106894 5.6428432 -0.0422393 0.3159697 0.0009777 0.9478281 
53.150025 15.7926044 -0.9052224 5.7167606 -0.0419309 0.3156032 0.0011524 0.9479637 
53.365346 15.8467445 -0.8994282 5.7894492 -0.0429546 0.3151712 0.0021206 0.9480599 
53.580667 15.9005308 -0.8937027 5.8614359 -0.0433186 0.3143578 0.0030337 0.9483109 
53.795988 15.9534740 -0.8878853 5.9328732 -0.0443294 0.3140573 0.0016097 0.9483672 
54.011309 16.0053558 -0.8820360 6.0037203 -0.0463424 0.3142793 0.0011958 0.9481980 
54.22663 16.0572586 -0.8757350 6.0738740 -0.0487273 0.3142119 0.0010994 0.9481009 
54.441951 16.1091003 -0.8690137 6.1435008 -0.0522989 0.3131514 0.0031594 0.9482569 
54.657272 16.1594620 -0.8622397 6.2120571 -0.0544933 0.3112713 0.0059121 0.9487390 
54.872593 16.2089767 -0.8543808 6.2800488 -0.0552666 0.3097146 0.0075338 0.9491922 
55.087914 16.2579689 -0.8468356 6.3481679 -0.0555227 0.3083439 0.0084198 0.9496159 
55.303235 16.3064995 -0.8391367 6.4149289 -0.0559863 0.3084009 0.0086094 0.9495685 
55.518556 16.3539505 -0.8319956 6.4803548 -0.0549349 0.3094229 0.0116010 0.9492655 
55.733877 16.4000187 -0.8245361 6.5438128 -0.0554493 0.3101831 0.0126132 0.9489745 
55.949198 16.4453049 -0.8173785 6.6057072 -0.0537632 0.3105415 0.0125159 0.9489557 
56.164519 16.4886875 -0.8106095 6.6654778 -0.0526869 0.3114397 0.0116798 0.9487323 
56.37984 16.5313568 -0.8043919 6.7235575 -0.0517481 0.3121939 0.0120288 0.9485317 
56.595161 16.5739288 -0.7979039 6.7809463 -0.0502741 0.3137672 0.0129509 0.9480796 
56.810482 16.6168060 -0.7920789 6.8376122 -0.0493401 0.3177869 0.0127858 0.9467912 
57.025803 16.6603622 -0.7861675 6.8935452 -0.0499227 0.3259227 0.0109844 0.9440135 
57.241124 16.7052498 -0.7800593 6.9490933 -0.0554859 0.3383512 0.0100965 0.9393284 
57.456445 16.7519608 -0.7733188 7.0025125 -0.0576812 0.3551412 0.0098339 0.9329796 
57.671766 16.8007965 -0.7665088 7.0538349 -0.0603255 0.3759802 0.0073141 0.9246330 
57.887087 16.8525696 -0.7597144 7.1021423 -0.0615006 0.3997252 0.0068937 0.9145436 
58.102408 16.9061470 -0.7529129 7.1467857 -0.0586959 0.4243943 0.0056498 0.9035554 
58.317729 16.9622135 -0.7464104 7.1887693 -0.0576159 0.4485820 0.0054067 0.8918662 
58.53305 17.0216446 -0.7397715 7.2285614 -0.0570885 0.4719484 0.0069545 0.8797484 
58.748371 17.0830078 -0.7335322 7.2652659 -0.0562706 0.4942054 0.0078984 0.8674861 
58.963692 17.1471004 -0.7274880 7.2992649 -0.0551320 0.5161710 0.0081343 0.8546706 
59.179013 17.2133694 -0.7214221 7.3304858 -0.0527244 0.5366942 0.0077613 0.8420922 
59.394334 17.3175259 -0.7129915 7.3729782 -0.0504324 0.5621603 0.0071513 0.8254582 
59.609655 17.4251804 -0.7047313 7.4102859 -0.0485311 0.5849344 0.0062451 0.8096033 
59.824976 17.4993935 -0.6996607 7.4324226 -0.0482826 0.6001274 0.0054328 0.7984275 
60.040297 17.5756493 -0.6943380 7.4521537 -0.0483777 0.6150373 0.0069597 0.7869818 
60.255618 17.6526451 -0.6893867 7.4686012 -0.0468543 0.6290515 0.0058566 0.7759282 
60.470939 17.7307911 -0.6847230 7.4828920 -0.0449226 0.6427754 0.0030109 0.7647305 
60.68626 17.8096218 -0.6807071 7.4946022 -0.0461980 0.6582089 -0.0007824 0.7514161 
60.901581 17.8902550 -0.6769308 7.5024190 -0.0477946 0.6748490 0.0002242 0.7364064 
61.116902 17.9711990 -0.6725135 7.5060959 -0.0473203 0.6934840 0.0000763 0.7189163 
61.332223 18.0512466 -0.6690193 7.5051813 -0.0458885 0.7131013 0.0001824 0.6995575 
61.547544 18.1311035 -0.6657096 7.4996529 -0.0440148 0.7317947 0.0012957 0.6801012 
61.762865 18.2103806 -0.6626323 7.4900084 -0.0426573 0.7489043 0.0025058 0.6612989 
61.978186 18.2891674 -0.6598040 7.4770422 -0.0404771 0.7632185 0.0020956 0.6448680 
62.193507 18.3679733 -0.6565557 7.4606252 -0.0407163 0.7755083 0.0041220 0.6300096 
62.408828 18.4463005 -0.6538393 7.4419546 -0.0398162 0.7874152 0.0024041 0.6151310 
62.624149 18.5261612 -0.6511002 7.4192095 -0.0392640 0.7993829 0.0042154 0.5995228 
62.83947 18.6066761 -0.6478629 7.3933349 -0.0422477 0.8119228 0.0063510 0.5821993 
63.054791 18.6857758 -0.6447326 7.3629022 -0.0406016 0.8252115 0.0059086 0.5633317 
63.270112 18.7634182 -0.6417532 7.3286481 -0.0379568 0.8386260 0.0065312 0.5433443 
63.485433 18.8407516 -0.6392621 7.2898107 -0.0340317 0.8521590 0.0086057 0.5221043 
63.700754 18.9171333 -0.6369516 7.2466679 -0.0329894 0.8652080 0.0091029 0.5002439 
63.916075 19.0300865 -0.6335053 7.1743708 -0.0322369 0.8842607 0.0058886 0.4658424 
64.131396 19.1380424 -0.6317427 7.0915656 -0.0324828 0.9023329 0.0052760 0.4297818 
64.346717 19.2082462 -0.6304958 7.0294266 -0.0296078 0.9137146 0.0059610 0.4052325 
64.562038 19.2752857 -0.6292338 6.9632635 -0.0273297 0.9240946 0.0071280 0.3811187 
64.777359 19.3403931 -0.6283194 6.8924489 -0.0252229 0.9334858 0.0061785 0.3576729 
64.99268 19.4029560 -0.6267343 6.8182592 -0.0247669 0.9422317 0.0066900 0.3339779 
65.208001 19.4628716 -0.6254352 6.7395902 -0.0246609 0.9501328 0.0083449 0.3107567 
65.423322 19.5184135 -0.6245828 6.6577144 -0.0247933 0.9575392 0.0068522 0.2871533 
65.638643 19.5714397 -0.6238104 6.5721211 -0.0233015 0.9645568 0.0055130 0.2627867 
65.853964 19.6211071 -0.6229527 6.4828348 -0.0214661 0.9706766 0.0063877 0.2393436 
66.069285 19.6624870 -0.6231475 6.3932776 -0.0175867 0.9755577 0.0051781 0.2189773 
66.284606 19.7051048 -0.6230894 6.2982183 -0.0176367 0.9799431 0.0045563 0.1984432 
66.499927 19.7600021 -0.6239541 6.1526237 -0.0176773 0.9857466 -0.0004709 0.1673051 
66.715248 19.7930946 -0.6251633 6.0515184 -0.0186701 0.9890710 0.0001529 0.1462530 
66.930569 19.8210602 -0.6262925 5.9498196 -0.0184597 0.9916694 0.0005720 0.1274783 
67.14589 19.8466892 -0.6283014 5.8459101 -0.0161221 0.9933684 0.0015929 0.1138279 