-0.0381773 -0.0703477 0.970542
-0.0733061 -0.0644417 1.05224
-0.127648 -0.0534456 1.20047
-0.169903 -0.0445895 1.32254
-0.196461 -0.0407668 1.41123
-0.227221 -0.0322553 1.50696
-0.250884 -0.025179 1.58602
-0.269293 -0.0191395 1.653
-0.305286 -0.00502342 1.78913
-0.312586 -0.00122846 1.82523
-0.324418 0.00489829 1.88352
-0.350777 0.0207273 1.99259
-0.349164 0.0222282 2.00458
-0.347753 0.0239974 2.01879
-0.359244 0.0353417 2.07104
-0.355613 0.036494 2.07914
-0.354431 0.0397275 2.10091
-0.346653 0.0386993 2.09014
-0.35675 0.0473127 2.11312
-0.347197 0.0445418 2.09333
-0.343808 0.0467186 2.10578
-0.339542 0.0480535 2.11438
-0.353093 0.0555059 2.12477
-0.348132 0.0564233 2.13013
-0.339673 0.0541457 2.1153
-0.33508 0.0554223 2.12293
-0.339366 0.0600545 2.11327
-0.334645 0.0612294 2.11981
-0.325097 0.0571305 2.09407
-0.320458 0.0584997 2.10006
-0.333772 0.0663747 2.11358
-0.326826 0.0649003 2.10547
-0.320055 0.0635763 2.09665
-0.313713 0.0625534 2.08953
-0.30653 0.059861 2.07359
-0.31932 0.068247 2.09024
-0.31441 0.0692074 2.09358
-0.306279 0.0646593 2.07088
-0.301681 0.0658849 2.0756
-0.312398 0.0714674 2.0766
-0.306573 0.0705368 2.07106
-0.30035 0.0684958 2.0616
-0.295214 0.0683322 2.06087
-0.28932 0.0662137 2.04876

-0.135283 -0.0478908 1.29641
-0.159322 -0.0446271 1.35115
-0.182057 -0.0413004 1.40617
-0.210125 -0.0366131 1.48195
-0.197514 -0.0418296 1.4551
-0.218965 -0.037584 1.51213
-0.246174 -0.0315981 1.59149
-0.260156 -0.028355 1.63422
-0.275833 -0.0243793 1.6861
-0.289055 -0.0206811 1.73388
-0.289555 -0.0206062 1.73602
-0.299862 -0.0171004 1.77489
-0.310397 -0.0131336 1.81856
-0.322176 -0.00818047 1.87207
-0.327793 -0.00502021 1.88758
-0.33165 -0.00249447 1.91144
-0.334811 -1.98167e-06 1.93485
-0.340564 0.00398798 1.97246
-0.345671 0.00648501 1.96959
-0.350943 0.0106726 2.00478
-0.346743 0.0103345 2.00129
-0.346799 0.0123242 2.0176
-0.346449 0.0143101 2.0338
-0.355727 0.0190318 2.04238
-0.354305 0.0206025 2.05386
-0.34942 0.0201028 2.0495
-0.350921 0.0239454 2.07826
-0.349495 0.02638 2.09454
-0.355642 0.0288242 2.08124
-0.356237 0.0326013 2.10689
-0.350508 0.0317712 2.1007
-0.347683 0.033309 2.11083
-0.342518 0.0328976 2.10753
-0.351269 0.0370802 2.10532
-0.34818 0.0385233 2.11412
-0.344932 0.040002 2.12312
-0.337991 0.0379394 2.1083
-0.348465 0.0438058 2.11593
-0.345027 0.0451886 2.12375
-0.339636 0.0447092 2.11935
-0.334639 0.0443884 2.11726
-0.32981 0.0442136 2.11603
-0.338126 0.0476288 2.10933
-0.334451 0.049042 2.11557
-0.329495 0.0487743 2.11277
-0.323909 0.0472377 2.10443
-0.332794 0.0516863 2.10292
-0.328222 0.0515906 2.1024
-0.323732 0.0515917 2.10236
-0.31847 0.0502374 2.09449
-0.314202 0.0504546 2.09553
-0.32336 0.0556139 2.09797
-0.319125 0.0558965 2.10034
-0.315483 0.0575292 2.10905
-0.308757 0.0523132 2.08078

-0.232195 -0.0360669 1.57839
-0.252274 -0.0330185 1.63377
-0.265972 -0.0306372 1.67152
-0.276706 -0.0301161 1.70843
-0.284154 -0.0284899 1.72949
-0.3015 -0.0242068 1.78903
-0.311917 -0.0213503 1.82745
-0.31783 -0.019434 1.85053
-0.325586 -0.0165714 1.88318
-0.332756 -0.0136076 1.91675
-0.339173 -0.0106072 1.95051
-0.338317 -0.0102228 1.94049
-0.342784 -0.00754049 1.96689
-0.350334 -0.00298095 2.01085
-0.355329 0.00184729 2.03434
-0.354655 0.00302543 2.04422
-0.357467 0.00636657 2.07304
-0.360663 0.0116305 2.09046
-0.360125 0.0136328 2.10576
-0.358221 0.0151338 2.11574
-0.361619 0.0215897 2.13612
-0.357967 0.021846 2.13755
-0.356304 0.0242112 2.15253
-0.36069 0.0283787 2.15495
-0.356637 0.0284566 2.15517
-0.354298 0.0306349 2.16767
-0.353558 0.0343089 2.16324
-0.350589 0.0358494 2.17219
-0.346477 0.0362811 2.17332
-0.349797 0.039521 2.1667
-0.34569 0.0396405 2.16725
-0.342402 0.0412832 2.17499
-0.33825 0.0414716 2.17591
-0.345796 0.0440666 2.16848
-0.341674 0.0443416 2.16881
-0.336958 0.0434547 2.16325
-0.332978 0.0438494 2.16421
-0.337547 0.0489513 2.16889
-0.333494 0.049175 2.16998
-0.329925 0.0505578 2.17758
-0.3243 0.0467379 2.15574

-0.307421 -0.0296614 1.81837
-0.324302 -0.0253232 1.8814
-0.342524 -0.0192782 1.96005
-0.348328 -0.0167208 1.99019
-0.358275 -0.0105243 2.04519
-0.361087 -0.00818447 2.06873
-0.364175 -0.00539701 2.09672
-0.365874 -0.00221322 2.1067
-0.368029 0.00100621 2.13434
-0.370713 0.00554178 2.15055
-0.368672 0.0065441 2.15717
-0.369042 0.00943117 2.17998
-0.37042 0.0140857 2.19039
-0.369289 0.0166364 2.20738
-0.366115 0.0171705 2.2109
-0.370164 0.0213131 2.21473
-0.36677 0.0217081 2.21709
-0.363616 0.0227134 2.22231
-0.364933 0.0284275 2.23431
-0.361203 0.0287111 2.23586
-0.361556 0.0335764 2.24023
-0.357796 0.0341483 2.24227
-0.352922 0.032508 2.23198
-0.353021 0.0368948 2.23393
-0.34973 0.038092 2.24108
-0.349346 0.0415195 2.23681
-0.345948 0.0429104 2.24357

-0.331047 -0.0291384 1.92162
-0.341044 -0.0269594 1.95896
-0.348356 -0.0251495 1.98837
-0.355292 -0.0232351 2.01917
-0.355863 -0.0229586 2.02194
-0.36434 -0.0198051 2.0642
-0.367602 -0.0182608 2.08456
-0.372484 -0.0145548 2.1169
-0.375656 -0.0120964 2.14377
-0.378567 -0.00953566 2.17214
-0.379562 -0.00815688 2.16655
-0.380467 -0.00628592 2.18453
-0.380818 -0.00449535 2.20165
-0.381526 -0.00343557 2.1915
-0.381611 -0.00158432 2.20736
-0.381232 0.0001953 2.22254
-0.381307 0.00264561 2.24352
-0.382847 0.00455078 2.23515
-0.381287 0.00567432 2.24464
-0.380168 0.00786046 2.26031
-0.377109 0.00827435 2.26204
-0.380742 0.0117581 2.26601
-0.378006 0.0124384 2.27056
-0.375313 0.0135171 2.27682
-0.377854 0.0158287 2.27071
-0.375064 0.0168039 2.27582
-0.373046 0.0188292 2.2897
-0.369428 0.0188458 2.28855
-0.375361 0.0209138 2.27986
-0.372728 0.0220867 2.28763
-0.369553 0.0228824 2.29125
-0.365587 0.0220111 2.28503
-0.368458 0.0246694 2.27952
-0.365638 0.0258657 2.28684
-0.362394 0.0265772 2.28977
-0.365678 0.0297079 2.28833
-0.362676 0.0310592 2.29519
-0.359297 0.0315589 2.29772
-0.355543 0.0307483 2.29193
-0.362394 0.0341693 2.29107
-0.358851 0.0338762 2.28972
-0.355528 0.0344632 2.29176
-0.351521 0.031117 2.2739

-0.330826 -0.0329531 1.93607
-0.339761 -0.0314699 1.9663
-0.348011 -0.0299573 1.99673
-0.356636 -0.0281741 2.03207
-0.348763 -0.0309464 2.00037
-0.359131 -0.0282819 2.04432
-0.365502 -0.026423 2.0736
-0.371438 -0.0244696 2.1041
-0.376249 -0.0226335 2.13248
-0.368742 -0.0255456 2.09008
-0.375654 -0.0227196 2.1272
-0.378589 -0.0212459 2.14611
-0.382207 -0.0192234 2.17217
-0.384939 -0.0173178 2.19654
-0.387732 -0.0149645 2.22577
-0.385346 -0.0166029 2.19193
-0.38823 -0.0142811 2.21799
-0.38882 -0.0127563 2.23392
-0.38959 -0.0109714 2.25322
-0.391532 -0.00908331 2.25368
-0.391847 -0.00724006 2.27115
-0.391082 -0.00610953 2.28261
-0.390325 -0.00438006 2.29791
-0.392832 -0.00189285 2.29866
-0.391882 -0.000186318 2.31295
-0.3899 0.00073984 2.32051
-0.3905 0.00441558 2.32787
-0.388893 0.00648751 2.34247
-0.386235 0.00721322 2.34771
-0.38927 0.0102851 2.34808
-0.386995 0.0118053 2.35844
-0.384029 0.0124224 2.36249
-0.387766 0.0166739 2.3692
-0.384616 0.0171742 2.37221
-0.381133 0.0174345 2.37166
-0.380552 0.0197175 2.36453
-0.377923 0.0217164 2.37704
-0.374218 0.0210385 2.3711
-0.377689 0.0250191 2.37475
-0.374203 0.024845 2.37287
-0.370913 0.0253645 2.37561
-0.374001 0.027936 2.37002
-0.370371 0.0264324 2.36096
-0.367275 0.0276026 2.36754
-0.364022 0.0282576 2.37003
-0.36723 0.0311961 2.36838
-0.363927 0.0311061 2.36726

-0.352003 -0.033124 2.03666
-0.361429 -0.0314043 2.07275
-0.368266 -0.0300609 2.10071
-0.374471 -0.0286941 2.12881
-0.380659 -0.0271417 2.16034
-0.368721 -0.030999 2.1037
-0.375969 -0.0289617 2.13709
-0.381457 -0.0272227 2.16536
-0.386582 -0.0253652 2.19529
-0.390652 -0.0236257 2.22308
-0.39378 -0.0219922 2.24893
-0.389653 -0.0239211 2.21443
-0.393255 -0.0219433 2.24057
-0.395208 -0.0205436 2.25915
-0.397404 -0.0187066 2.28334
-0.397629 -0.0181631 2.27685
-0.399251 -0.0161487 2.29897
-0.400518 -0.0141129 2.32158
-0.401279 -0.0120631 2.34424
-0.400074 -0.0113836 2.35238
-0.402485 -0.0107465 2.33873
-0.402396 -0.00899277 2.35563
-0.401833 -0.00731597 2.37172
-0.400333 -0.00624878 2.38178
-0.399429 -0.00417598 2.40163
-0.403261 -0.00329009 2.38713
-0.401422 -0.00231882 2.39526
-0.399299 -0.00106135 2.40375
-0.397242 -5.56763e-05 2.41313
-0.395069 0.00135742 2.42494
-0.399463 0.00189441 2.40703
-0.397737 0.00362882 2.42127
-0.395194 0.00483321 2.42931
-0.392664 0.00623489 2.43989
-0.398093 0.00773986 2.4291
-0.395583 0.00876536 2.43714
-0.392711 0.00983437 2.44345
-0.389685 0.0108109 2.44904
-0.386235 0.0103154 2.44429
-0.392754 0.0135119 2.44692
-0.389478 0.0139535 2.44767
-0.386333 0.0145194 2.45113
-0.383116 0.0150795 2.45455
-0.389462 0.0175658 2.45019
-0.38629 0.0183579 2.45386
-0.383043 0.018879 2.45682
-0.379644 0.0183957 2.45205
-0.386099 0.0213732 2.45168
-0.383071 0.023283 2.46295
-0.379525 0.0214733 2.44962
-0.376279 0.0218564 2.45245
-0.372814 0.0248806 2.4706
-0.379453 0.0250385 2.45075
-0.376197 0.0254299 2.45347
-0.372954 0.0255171 2.45235
-0.369768 0.0247897 2.44867
-0.372884 0.028993 2.45288
-0.369637 0.0288527 2.45223
-0.352267 0.0868051 2.71172
-0.35169 0.0956382 2.72368
-0.329449 0.107062 2.77576

-0.383694 -0.0308093 2.19573
-0.391775 -0.0288974 2.23671
-0.396625 -0.027545 2.26416
-0.400531 -0.0262621 2.28992
-0.39447 -0.0284402 2.25264
-0.398848 -0.0268604 2.27829
-0.402514 -0.0252977 2.30346
-0.404798 -0.0240956 2.32268
-0.408152 -0.022116 2.35418
-0.409696 -0.020712 2.37628
-0.40764 -0.0220146 2.34363
-0.409468 -0.0204142 2.36489
-0.410663 -0.0188843 2.38508
-0.411271 -0.017422 2.40426
-0.41213 -0.0153255 2.43075
-0.411129 -0.0143694 2.44286
-0.41273 -0.0159609 2.40338
-0.41332 -0.0140042 2.42455
-0.412652 -0.0129455 2.43709
-0.411931 -0.011522 2.45287
-0.410793 -0.0101531 2.46798
-0.413034 -0.00793886 2.4668
-0.412521 -0.00561907 2.49063
-0.411214 -0.00349015 2.51145
-0.407554 -0.00413615 2.50203
-0.412532 -0.00252491 2.49341
-0.409408 -0.00283269 2.48934
-0.407321 -0.00151211 2.50055
-0.404966 -0.000227598 2.51143
-0.401962 4.00448e-05 2.51225
-0.407758 0.00248505 2.51016
-0.404993 0.00309318 2.51467
-0.402134 0.00390731 2.51969
-0.399156 0.00449188 2.52398
-0.396083 0.00523414 2.52836
-0.402532 0.00887765 2.53257
-0.399245 0.00866374 2.53085
-0.395926 0.00803734 2.52522
-0.392812 0.00871341 2.52874
-0.399045 0.0114794 2.52779
-0.395933 0.0119991 2.53098
-0.392764 0.012619 2.53386
-0.38952 0.0131346 2.53702
-0.392693 0.0160322 2.53442
-0.389452 0.0165315 2.53726
-0.386194 0.0163999 2.53638
-0.382912 0.0169714 2.53875
-0.389382 0.0192552 2.53379
-0.386266 0.0185934 2.52852
-0.383045 0.0191239 2.53134
-0.379822 0.0196768 2.53347
-0.386266 0.0212659 2.52494
-0.382994 0.0223796 2.53127
-0.379731 0.0228976 2.53387
-0.376707 0.0223094 2.53012
-0.373612 0.0223316 2.52948

-0.392438 -0.0331647 2.25659
-0.398565 -0.0314941 2.29066
-0.404301 -0.029681 2.32731
-0.408649 -0.0280438 2.36011
-0.403719 -0.0302436 2.32669
-0.406763 -0.028967 2.34645
-0.412024 -0.0263898 2.38813
-0.41501 -0.0244733 2.41838
-0.416462 -0.0231217 2.4399
-0.417816 -0.0214321 2.46651
-0.417224 -0.0223145 2.43872
-0.418667 -0.0204765 2.46288
-0.420583 -0.017672 2.49884
-0.420012 -0.0166334 2.51305
-0.42 -0.0145174 2.54051
-0.421603 -0.0151235 2.51043
-0.420686 -0.014004 2.52285
-0.420237 -0.0117726 2.54673
-0.418873 -0.0102505 2.56347
-0.417083 -0.00879632 2.57939
-0.420934 -0.00823996 2.55917
-0.419115 -0.00725272 2.56969
-0.417322 -0.0052677 2.58772
-0.414992 -0.00386132 2.60114
-0.41237 -0.00214546 2.61612
-0.417952 -0.000684904 2.60341
-0.4154 0.000709182 2.61525
-0.412567 0.00206292 2.62671
-0.409168 0.00196685 2.62419
-0.412319 0.00525133 2.62482
-0.409234 0.00653855 2.63458
-0.405927 0.00779462 2.64408
-0.402414 0.00812692 2.64637
-0.409005 0.00959227 2.63121
-0.405742 0.0108311 2.63973
-0.402289 0.0120457 2.64806
-0.398854 0.0108455 2.63822
-0.395485 0.0106313 2.63537
-0.402184 0.0134701 2.63136
-0.398809 0.0138428 2.63356
-0.395383 0.0142287 2.63585
-0.39157 0.0160425 2.64831
-0.398641 0.0182172 2.63964
-0.395166 0.0185427 2.64143
-0.391508 0.0196805 2.648
-0.388322 0.0185516 2.64024
-0.384834 0.0189812 2.64167
-0.392165 0.0202404 2.62753
-0.388709 0.0206584 2.63053
-0.385761 0.0198115 2.62423
-0.382358 0.0202656 2.62657
-0.388738 0.0240171 2.62929
-0.385484 0.0237664 2.62797
-0.382063 0.0241937 2.63005
-0.378814 0.0240036 2.62904
-0.381769 0.0282098 2.63354
-0.37829 0.0286103 2.63539
-0.496797 -0.184149 1.53002

-0.403104 -0.0348897 2.33992
-0.40845 -0.0330382 2.37553
-0.413278 -0.0310502 2.41346
-0.416812 -0.0292442 2.44763
-0.411597 -0.0322263 2.40253
-0.415562 -0.0300756 2.43579
-0.417595 -0.0287404 2.45593
-0.420113 -0.0266333 2.48851
-0.422334 -0.0240408 2.528
-0.422762 -0.0236367 2.5217
-0.423659 -0.0216328 2.54735
-0.424323 -0.0190202 2.57991
-0.423714 -0.0173212 2.60118
-0.425442 -0.0157234 2.59941
-0.424103 -0.0146316 2.61113
-0.423092 -0.0122772 2.63672
-0.421221 -0.0106756 2.65393
-0.423478 -0.00850892 2.65075
-0.42168 -0.00603642 2.67425
-0.418969 -0.00489681 2.68354
-0.418952 -0.00104755 2.69157
-0.416047 -0.000111961 2.70045
-0.412653 0.00492068 2.71252
-0.409273 0.0062023 2.72199
-0.405923 0.00589566 2.71812
-0.40913 0.00928268 2.71875
-0.405729 0.00958329 2.72057
-0.402097 0.0107991 2.7287
-0.402257 0.0130189 2.71877
-0.395067 0.0145173 2.72776
-0.391713 0.0177811 2.72461
-0.359358 0.0850329 3.11739
-0.385948 0.0193379 2.7111
-0.355446 0.102622 3.17016
-0.386234 0.0220343 2.70698
-0.382935 0.022464 2.70825
-0.349275 0.105617 3.14366

-0.398127 -0.0403311 2.33422
-0.405351 -0.0381869 2.37811
-0.410346 -0.0365652 2.41114
-0.41516 -0.0346474 2.4498
-0.419422 -0.0325024 2.49378
-0.413378 -0.0362289 2.44274
-0.417203 -0.0342119 2.47501
-0.420435 -0.0321029 2.50853
-0.422698 -0.0301433 2.53946
-0.424149 -0.0282471 2.56918
-0.421985 -0.0308703 2.52963
-0.423778 -0.0288255 2.5567
-0.424934 -0.0266983 2.5847
-0.425308 -0.0248063 2.60945
-0.425185 -0.0227366 2.6364
-0.426084 -0.0220689 2.63037
-0.42566 -0.019831 2.65532
-0.424521 -0.0180978 2.67447
-0.422933 -0.0158941 2.69786
-0.424695 -0.014831 2.68978
-0.423004 -0.012526 2.71206
-0.420696 -0.0110967 2.72466
-0.418154 -0.00963577 2.73846
-0.422977 -0.00889971 2.72461
-0.420608 -0.00735017 2.73777
-0.417871 -0.00536899 2.75355
-0.415026 -0.00511551 2.75428
-0.412012 -0.00414606 2.76332
-0.417613 -0.0021409 2.75658
-0.414741 -0.00161429 2.76032
-0.411613 -0.000287416 2.77023
-0.40849 0.000227707 2.77385
-0.411265 0.00358764 2.77596
-0.408125 0.00401615 2.77864
-0.404877 0.00468148 2.78197
-0.401591 0.00513029 2.78476
-0.404814 0.00756164 2.77987
-0.401309 0.00874811 2.78713
-0.398901 0.00745708 2.776
-0.401317 0.0115701 2.78447
-0.395427 0.0112868 2.77983
-0.391734 0.0123139 2.78636
-0.394971 0.0153149 2.7844
-0.392944 0.0133077 2.77198
-0.389405 0.0143724 2.77743
-0.386081 0.0148457 2.77973
-0.383596 0.0168468 2.77377
-0.29847 0.152823 3.38348
-0.326027 0.0997219 3.1267

-0.409957 -0.0397954 2.45114
-0.416414 -0.0372415 2.50339
-0.419606 -0.0358732 2.53128
-0.416929 -0.0381613 2.51168
-0.420458 -0.0361631 2.54432
-0.422863 -0.0344577 2.57198
-0.424752 -0.0326431 2.6012
-0.426092 -0.0305287 2.63529
-0.424302 -0.033188 2.59787
-0.425755 -0.0311757 2.62468
-0.426531 -0.0293499 2.64887
-0.426722 -0.0274533 2.67384
-0.426299 -0.0257517 2.6961
-0.427052 -0.025511 2.68895
-0.4265 -0.0230329 2.71651
-0.425313 -0.0213453 2.73525
-0.423692 -0.0197394 2.75298
-0.425287 -0.0179247 2.75506
-0.423466 -0.0168312 2.76548
-0.421398 -0.0157908 2.77534
-0.418863 -0.0138783 2.79279
-0.423172 -0.0124514 2.78728
-0.420913 -0.0116216 2.79413
-0.418365 -0.0101698 2.80634
-0.415726 -0.00939817 2.81263
-0.412716 -0.00804389 2.82391
-0.417898 -0.00642873 2.81659
-0.415318 -0.00615655 2.81921
-0.412293 -0.00479456 2.82944
-0.409386 -0.00418284 2.83192
-0.406053 -0.00294645 2.84102
-0.414752 -0.00209621 2.82872
-0.411552 -0.000321335 2.84172
-0.408819 -0.000541768 2.83981
-0.405367 0.000985048 2.84924
-0.402809 0.000410209 2.84396
-0.408758 0.00208084 2.83664
-0.405511 0.00329383 2.84404
-0.402104 0.0044861 2.85129
-0.399243 0.00448075 2.85007
-0.396014 0.00498902 2.85295
-0.402366 0.00666863 2.84562
-0.399273 0.00727809 2.84811
-0.396105 0.00777274 2.85068
-0.393265 0.00777497 2.84962
-0.399001 0.0105671 2.84978
-0.395855 0.0110327 2.85201
-0.390699 0.0104919 2.84578
-0.393212 0.0135906 2.84808
-0.390958 0.00914945 2.82054
-0.384442 0.0140397 2.84826
-0.351 0.0590282 3.04858
-0.354556 0.0486651 2.99483
-0.349833 0.0657703 3.05583
-0.344772 0.0662895 3.05529

-0.416951 -0.0383388 2.56688
-0.420221 -0.0371907 2.59557
-0.422846 -0.0359842 2.62257
-0.424761 -0.0348424 2.64791
-0.417674 -0.039434 2.57898
-0.420467 -0.0381536 2.6
-0.423026 -0.0366628 2.62661
-0.424726 -0.0353972 2.64906
-0.426297 -0.0336236 2.68103
-0.426759 -0.0324898 2.70058
-0.425348 -0.034959 2.66598
-0.426395 -0.0333869 2.68855
-0.426858 -0.031899 2.70978
-0.426857 -0.0304712 2.73004
-0.426315 -0.0288319 2.75307
-0.42711 -0.0304271 2.72716
-0.426891 -0.0288454 2.74612
-0.426229 -0.0274782 2.7624
-0.425145 -0.0258867 2.78129
-0.423563 -0.0241706 2.80108
-0.421859 -0.02318 2.8131
-0.42609 -0.0253433 2.77731
-0.424881 -0.0238428 2.79272
-0.423376 -0.0226687 2.80467
-0.42144 -0.0210102 2.82158
-0.419376 -0.0199826 2.8319
-0.422896 -0.019675 2.82071
-0.421011 -0.0186161 2.83014
-0.418638 -0.0168917 2.84494
-0.416314 -0.0159771 2.85291
-0.413682 -0.0148363 2.86213
-0.41805 -0.0139182 2.85418
-0.415652 -0.0129194 2.86264
-0.412998 -0.0117994 2.87067
-0.410338 -0.0110182 2.87663
-0.407156 -0.00959504 2.88691
-0.414945 -0.00950476 2.87182
-0.41219 -0.0082361 2.88075
-0.409764 -0.00802747 2.88195
-0.406713 -0.0068223 2.89038
-0.404047 -0.00641444 2.89224
-0.408298 -0.00306141 2.90088
-0.406678 -0.00459463 2.88826
-0.403568 -0.00343372 2.89559
-0.400913 -0.00311497 2.89666
-0.405938 -0.00101529 2.89529
-0.403114 -0.000400089 2.89872
-0.400207 0.000211605 2.90212
-0.397539 0.000450556 2.90259
-0.394854 0.000580445 2.90307
-0.397484 0.00302292 2.90175
-0.394511 0.00361283 2.90474
-0.392842 0.00267181 2.89747
-0.391953 0.00876365 2.90225
-0.313637 0.0962452 3.28165
-0.302742 0.101023 3.30258
-0.296293 0.100382 3.2991
-0.181273 0.198219 3.65279

-0.420546 -0.0383387 2.66668
-0.422283 -0.0376173 2.68288
-0.424017 -0.0365318 2.70697
-0.425071 -0.0356158 2.72716
-0.420635 -0.0394852 2.67171
-0.422569 -0.0383243 2.69218
-0.424177 -0.0369988 2.71539
-0.425137 -0.0358538 2.73533
-0.425692 -0.034618 2.75672
-0.425673 -0.0332918 2.78005
-0.42527 -0.035464 2.7504
-0.425652 -0.0340575 2.77032
-0.425608 -0.0330092 2.7847
-0.425055 -0.031429 2.80725
-0.424114 -0.0301464 2.82513
-0.422814 -0.0289451 2.84178
-0.424794 -0.03036 2.81707
-0.423649 -0.0286292 2.8376
-0.422429 -0.0276149 2.8497
-0.420713 -0.0263573 2.86418
-0.418446 -0.0247597 2.88235
-0.421647 -0.025265 2.86566
-0.419847 -0.023916 2.87934
-0.417901 -0.0228682 2.88987
-0.415573 -0.0216295 2.90232
-0.419369 -0.0220287 2.88593
-0.417278 -0.0207004 2.89778
-0.414937 -0.0194133 2.90921
-0.412402 -0.0182205 2.91912
-0.409642 -0.017042 2.92942
-0.414086 -0.0166347 2.91923
-0.411542 -0.0154514 2.92796
-0.409028 -0.0146157 2.93442
-0.406235 -0.0135816 2.94178
-0.40854 -0.0121699 2.93686
-0.405784 -0.0112743 2.94489
-0.40259 -0.00987621 2.95412
-0.405135 -0.00840591 2.94886
-0.402152 -0.00725831 2.95614
-0.399016 -0.00613274 2.96325
-0.396416 -0.00575244 2.96479
-0.401478 -0.00419313 2.9605
-0.399005 -0.00387004 2.96159
-0.396192 -0.00323408 2.96512
-0.39363 -0.00291069 2.96617
-0.395999 -0.000740763 2.96525
-0.393164 -0.000129929 2.96835
-0.390602 5.0101e-05 2.96908
-0.388036 0.000425536 2.96973
-0.393046 0.00232426 2.96803
-0.390545 0.00256197 2.96847
-0.388334 0.00241531 2.96696
-0.385744 0.00262632 2.96778
-0.390441 0.0049005 2.96809
-0.387997 0.00518181 2.96822
-0.38579 0.00503138 2.96679
-0.309976 0.0880513 3.32294

-0.423155 -0.0379176 2.7808
-0.423553 -0.03679 2.80213
-0.423231 -0.0356636 2.83116
-0.4226 -0.0343125 2.85175
-0.420801 -0.0319614 2.88428
-0.419185 -0.0304376 2.90352
-0.415863 -0.0268287 2.9375
-0.413477 -0.0253527 2.95323
-0.410095 -0.0220652 2.97381
-0.407221 -0.0206835 2.98662
-0.406298 -0.0183137 2.99377
-0.402892 -0.0165745 3.00751
-0.399617 -0.0152762 3.01806
-0.398911 -0.0127618 3.02184
-0.395752 -0.0116594 3.02912
-0.395002 -0.00897066 3.03332
-0.391857 -0.00797911 3.03909
-0.388825 -0.00728903 3.04344
-0.391471 -0.0054837 3.0403
-0.387918 -0.00411125 3.04785
-0.385363 -0.00396653 3.04843
-0.384629 -0.00086012 3.05166
-0.38207 -0.000753653 3.05196
-0.381014 0.00279218 3.05696
-0.379348 0.00202255 3.05209
-0.376296 0.00259191 3.05476
-0.379352 0.00465725 3.05126
-0.375959 0.00566003 3.0558
-0.374649 0.00455726 3.04973

-0.415872 -0.0405598 2.73972
-0.417951 -0.0385747 2.79789
-0.419194 -0.0380372 2.81031
-0.419783 -0.0370413 2.83792
-0.417832 -0.0399386 2.79886
-0.419126 -0.0394549 2.80725
-0.419714 -0.0380315 2.8373
-0.419001 -0.0356798 2.88728
-0.416757 -0.0331622 2.93872
-0.418601 -0.0362307 2.88538
-0.418135 -0.0347206 2.91029
-0.417786 -0.0340696 2.92074
-0.416269 -0.0324753 2.9471
-0.414154 -0.0308726 2.97346
-0.411799 -0.0295485 2.99447
-0.40955 -0.0286272 3.00919
-0.417039 -0.0329468 2.9368
-0.41558 -0.0313637 2.95859
-0.413626 -0.0297735 2.98036
-0.411078 -0.0280843 3.00279
-0.408313 -0.0266245 3.02237
-0.405103 -0.0251598 3.04193
-0.402472 -0.0243869 3.05205
-0.410421 -0.0264939 3.01081
-0.407577 -0.0248179 3.03029
-0.4052 -0.0239267 3.04048
-0.402155 -0.0226508 3.05419
-0.398465 -0.0211758 3.07096
-0.403819 -0.0212409 3.05357
-0.399806 -0.0190357 3.07491
-0.397171 -0.0184005 3.08103
-0.394773 -0.018136 3.0844
-0.391539 -0.0171845 3.09265
-0.396179 -0.0157412 3.08879
-0.391775 -0.013643 3.10645
-0.390333 -0.0142537 3.10058
-0.385966 -0.0126616 3.11454
-0.39315 -0.0127943 3.09531
-0.389106 -0.0111118 3.10865
-0.384756 -0.00942725 3.12196
-0.38331 -0.0101488 3.11574
-0.380313 -0.00956187 3.11909
-0.387881 -0.00777263 3.11673
-0.385067 -0.00735765 3.11944
-0.383608 -0.00799341 3.1135
-0.379282 -0.00643004 3.1246
-0.376264 -0.00601208 3.12729
-0.383938 -0.00591871 3.1111
-0.379676 -0.0043741 3.12197
-0.376924 -0.00396396 3.1235
-0.373938 -0.00354877 3.12593
-0.380157 -0.00232491 3.1189
-0.377301 -0.00191219 3.12112
-0.373026 -0.000380428 3.13024
-0.371409 -0.00108228 3.12557
-0.368681 -0.000739226 3.12653
-0.376365 0.00131153 3.1258
-0.373779 0.00157652 3.12624
-0.370845 0.00196463 3.12813
-0.36786 0.0023542 3.13002
-0.366516 0.00161206 3.12472
-0.371614 0.00387493 3.12429
-0.36747 0.00533513 3.13172
-0.366959 0.00366231 3.12254
-0.364382 0.00392825 3.12295
-0.370932 0.00495355 3.1159
-0.367696 0.00556014 3.11923
-0.365201 0.00579785 3.11948
-0.363363 0.00533388 3.11689
-0.361895 0.00478031 3.11327
-0.368774 0.00721462 3.1146
-0.365949 0.0076393 3.11629
-0.362649 0.00826631 3.11949
-0.362614 0.00662615 3.11047
-0.360712 0.00629621 3.10868
-0.363821 0.00988583 3.11495
-0.363272 0.00845075 3.1079
-0.360455 0.00889763 3.10957
-0.358947 0.00840386 3.10664

