0.0861837 0.213902 -3.63404
0.12694 0.219327 -3.81578
0.164774 0.224749 -3.99787
0.135533 0.212809 -3.58961
0.12536 0.243207 -4.13783
0.119839 0.23949 -3.99942
0.00721153 0.219213 -3.04009
0.0589252 0.224195 -3.2707
0.248307 0.249341 -4.41603
0.231389 0.242448 -4.07678
0.295707 0.255268 -4.72712
0.322784 0.260736 -4.98654
0.336763 0.246153 -4.23795
0.368413 0.266927 -5.26452
0.354736 0.227806 -3.32125
0.374763 0.218675 -2.86257
0.401913 0.211033 -2.47642
0.0979943 0.259374 -4.35731
0.123338 0.260357 -4.4304
0.117195 0.259142 -4.32966
0.230752 0.262003 -4.46895
0.225015 0.260077 -4.30003
0.247663 0.259932 -4.40251
0.279409 0.263002 -4.63999
0.307497 0.266092 -4.8806
0.356325 0.264156 -4.60566
0.362884 0.259556 -4.19328
0.377125 0.261634 -4.37206
0.39034 0.259672 -4.19168
0.400618 0.26237 -4.42736
0.127385 0.273011 -4.66174
0.127884 0.272888 -4.61822
0.127435 0.272736 -4.56632
0.15248 0.273668 -4.6432
0.172115 0.273903 -4.69785
0.229746 0.273261 -4.55747
0.251749 0.273685 -4.66354
0.258901 0.27423 -4.63728
0.277845 0.274567 -4.73675
0.295346 0.274902 -4.83835
0.377195 0.274711 -4.57024
0.388114 0.274543 -4.47404
0.400493 0.274405 -4.38735
0.407169 0.275047 -4.64382
0.414499 0.275285 -4.72748
0.130796 0.282219 -4.86065
0.134717 0.282346 -4.84473
0.138473 0.282483 -4.827
0.154772 0.282349 -4.86234
0.0818383 0.284252 -4.39555
0.277809 0.283312 -4.82613
0.293067 0.282905 -4.90261
0.402537 0.283932 -4.84396
0.4132 0.284515 -4.76401
0.420254 0.284242 -4.8124
0.133423 0.288571 -4.97901
0.13269 0.290275 -4.83703
0.160047 0.28925 -4.91777
0.28035 0.289338 -4.99028
0.285053 0.289682 -4.9699
0.399451 0.290951 -4.96209
0.406434 0.290818 -4.97326
0.413152 0.290657 -4.98612
0.419641 0.290492 -4.99915
0.137067 0.293695 -5.07623
0.148956 0.293314 -5.09493
0.140972 0.294395 -5.04904
0.144595 0.29427 -5.04024
0.142017 0.295008 -5.00907
0.155061 0.294541 -5.03204
0.167746 0.294072 -5.05502
0.275515 0.294013 -5.10212
0.274809 0.295265 -5.05138
0.286266 0.294329 -5.09237
0.291646 0.294514 -5.08642
0.297046 0.294718 -5.07968
0.404239 0.296284 -5.04643
0.410478 0.296107 -5.05532
0.416589 0.295941 -5.06376
0.4206 0.295317 -5.10391
0.424175 0.294308 -5.14479
0.140313 0.297437 -5.16929
0.139607 0.297709 -5.15238
0.144149 0.298063 -5.13365
0.149658 0.298113 -5.13337
0.151032 0.298904 -5.11987
0.162095 0.2984 -5.13706
0.167643 0.298446 -5.13693
0.28251 0.297526 -5.18893
0.283611 0.298554 -5.15908
0.289106 0.298599 -5.15894
0.290425 0.299786 -5.12448
0.30007 0.298705 -5.15825
0.40545 0.299189 -5.17601
0.411052 0.299306 -5.17382
0.420599 0.298512 -5.19878
0.42604 0.298614 -5.19702
0.14675 0.300928 -5.21485
0.148125 0.301361 -5.20516
0.153645 0.301343 -5.20659
0.149226 0.302174 -5.17992
0.154755 0.302179 -5.18082
0.277431 0.30168 -5.22154
0.279236 0.302589 -5.20098
0.288189 0.301535 -5.22683
0.412656 0.302011 -5.2449
0.417791 0.302205 -5.24143
0.422982 0.302394 -5.23809
0.145114 0.304128 -5.25904
0.149618 0.303912 -5.25905
0.155924 0.303989 -5.26336
0.164362 0.304548 -5.24941
0.28464 0.303584 -5.2915
0.292415 0.304019 -5.2846
0.292934 0.305156 -5.25858
0.300321 0.304503 -5.27682
0.415573 0.305564 -5.27536
0.419354 0.304884 -5.28868
0.421936 0.303871 -5.31242
0.426708 0.304168 -5.30768
0.429185 0.303381 -5.32686
0.156359 0.304887 -5.32629
0.156382 0.30547 -5.31702
0.153459 0.306489 -5.3004
0.15871 0.30638 -5.30288
0.166666 0.305872 -5.31211
0.283034 0.307255 -5.30689
0.289775 0.306689 -5.32046
0.2931 0.306766 -5.31612
0.297793 0.306913 -5.31808
0.300925 0.307104 -5.31187
0.416575 0.307549 -5.32508
0.419279 0.306616 -5.34363
0.424845 0.307421 -5.32829
0.427409 0.306614 -5.34481
0.430911 0.306255 -5.35094
0.146854 0.308885 -5.33163
0.154307 0.308396 -5.33935
0.157044 0.308612 -5.33673
0.159767 0.308839 -5.33398
0.164857 0.308694 -5.33664
0.283184 0.309055 -5.35021
0.289737 0.308075 -5.36444
0.291441 0.308703 -5.35324
0.294445 0.309124 -5.34786
0.300642 0.308438 -5.36093
0.42152 0.309293 -5.36517
0.431028 0.308106 -5.38529
0.152873 0.309311 -5.38297
0.153445 0.309618 -5.37703
0.154994 0.310185 -5.37272
0.157349 0.310226 -5.37016
0.161135 0.310896 -5.36253
0.28799 0.310093 -5.3924
0.291401 0.309959 -5.39217
0.294517 0.310205 -5.38959
0.301406 0.308956 -5.40762
0.302148 0.310081 -5.39201
0.42159 0.310487 -5.40401
0.424968 0.310317 -5.40646
0.427589 0.309865 -5.41434
0.430917 0.309745 -5.41617
0.15313 0.311302 -5.40365
0.157535 0.311778 -5.39906
0.156618 0.31238 -5.39049
0.159108 0.312398 -5.38857
0.290078 0.311503 -5.41919
0.296385 0.311782 -5.41694
0.300663 0.311367 -5.42186
0.421599 0.311314 -5.43815
0.42482 0.311253 -5.43917
0.430683 0.313158 -5.41771
0.431906 0.311673 -5.43553
0.295263 0.312855 -5.44334
0.299341 0.312418 -5.44798
0.421979 0.312581 -5.4628
0.425107 0.312619 -5.46278
0.428799 0.312889 -5.45911
0.432516 0.31339 -5.45473
0.290313 0.314175 -5.46236
0.294964 0.313575 -5.46938
0.29803 0.313549 -5.46992
0.299552 0.314165 -5.46341
0.304149 0.313495 -5.47103
0.424174 0.31475 -5.47131
-0.25829 0.384872 -4.75081
0.0392611 0.204062 -3.25221
0.0859092 0.209989 -3.45877
0.00402044 0.185879 -2.60714
0.400602 0.299491 -6.61917
0.17067 -0.0237199 4.88925
0.208545 -0.151382 9.44843
0.0769311 0.236903 -3.87541
0.0860474 0.233951 -3.72385
0.0402363 0.22467 -3.26021
0.0871317 0.228942 -3.46913
0.240784 0.24595 -4.3067
0.264773 0.24947 -4.44882
0.259493 0.244686 -4.23923
0.422154 0.288029 -6.39459
0.330699 0.2431 -4.10451
0.346377 0.245415 -4.22252
0.361563 0.250252 -4.47221
0.370985 0.236676 -3.76194
0.38849 0.232884 -3.56091
0.116369 0.258947 -4.40158
0.111794 0.25801 -4.31659
0.136664 0.258916 -4.39139
0.160347 0.259818 -4.4663
0.156755 0.258845 -4.37757
0.214154 0.25805 -4.28334
0.240893 0.259707 -4.42699
0.183397 0.250525 -3.69403
0.227873 0.25434 -4.01546
0.267069 0.258135 -4.33687
0.300981 0.26191 -4.65829
0.36163 0.260804 -4.42417
0.372827 0.258775 -4.2932
0.386231 0.256298 -4.05928
0.394196 0.261651 -4.49405
0.118927 0.270918 -4.60965
0.119961 0.270848 -4.57136
0.120241 0.270761 -4.5264
0.140885 0.270956 -4.57963
0.141136 0.270862 -4.53097
0.222641 0.271077 -4.45752
0.244571 0.271373 -4.56011
0.242721 0.271141 -4.44514
0.264531 0.271466 -4.56336
0.284599 0.271789 -4.68379
0.385486 0.270963 -4.03128
0.399523 0.271139 -4.09042
0.401069 0.272782 -4.65561
0.408593 0.272896 -4.71281
0.123227 0.27953 -4.77142
0.126856 0.279669 -4.75394
0.130267 0.279821 -4.73435
0.133422 0.27999 -4.71226
0.163305 0.279474 -4.80776
0.262147 0.280067 -4.85384
0.29034 0.280324 -4.83777
0.390092 0.281202 -4.78565
0.399608 0.28178 -4.71424
0.407365 0.281561 -4.74876
0.414519 0.281339 -4.78327
0.13751 0.285753 -4.93098
0.142605 0.285871 -4.92541
0.147668 0.285997 -4.91936
0.161118 0.285657 -4.94464
0.26709 0.286202 -4.94623
0.272079 0.286445 -4.93304
0.284773 0.285686 -4.98371
0.289741 0.285918 -4.97114
0.294669 0.286191 -4.95606
0.396865 0.288566 -4.84426
0.403867 0.288241 -4.86648
0.410531 0.287933 -4.88755
0.414729 0.287329 -4.94954
0.421032 0.287214 -4.95838
0.140132 0.290226 -5.03992
0.145642 0.290278 -5.03915
0.143596 0.290561 -5.01435
0.14225 0.291158 -4.99033
0.147603 0.291259 -4.98758
0.14559 0.291964 -4.95912
0.2779 0.291395 -5.02611
0.283394 0.291531 -5.02208
0.288914 0.291677 -5.01765
0.399859 0.292893 -4.99586
0.406018 0.292779 -5.00171
0.412085 0.292666 -5.00748
0.418071 0.29256 -5.01298
0.419928 0.291136 -5.08108
0.14016 0.294224 -5.10369
0.139762 0.294472 -5.0879
0.146466 0.294689 -5.09163
0.150841 0.294506 -5.08897
0.151219 0.295033 -5.0738
0.151326 0.295614 -5.05702
0.269659 0.295644 -5.08696
0.275228 0.29566 -5.08752
0.286353 0.295692 -5.08865
0.291907 0.295708 -5.0892
0.411214 0.295149 -5.13513
0.416582 0.295273 -5.13262
0.421986 0.295391 -5.13029
0.13351 0.299073 -5.11389
0.139051 0.299063 -5.11499
0.148986 0.298545 -5.12832
0.150131 0.299038 -5.11728
0.155668 0.299024 -5.11849
0.274491 0.298786 -5.14885
0.283247 0.297768 -5.17309
0.28853 0.297652 -5.17653
0.408866 0.298724 -5.17716
0.14741 0.30047 -5.19808
0.149527 0.3008 -5.19224
0.178446 0.299044 -5.23309
0.280001 0.30086 -5.20918
0.287598 0.301385 -5.2005
0.292747 0.301204 -5.20457
0.295305 0.301988 -5.19037
0.410933 0.301364 -5.22242
0.415707 0.301637 -5.21806
0.423095 0.300948 -5.23606
0.427909 0.301239 -5.23142
0.145307 0.302597 -5.24289
0.153711 0.302261 -5.25263
0.150407 0.30309 -5.2358
0.155628 0.302969 -5.23835
0.154633 0.303507 -5.22616
0.282417 0.303468 -5.24643
0.287398 0.303204 -5.2512
0.293861 0.302613 -5.26466
0.416745 0.303841 -5.26091
0.42033 0.303405 -5.26813
0.423922 0.303395 -5.2721
0.427451 0.303051 -5.27785
0.150002 0.304553 -5.27873
0.152817 0.304732 -5.27663
0.153367 0.305264 -5.26947
0.155496 0.305349 -5.2657
0.160563 0.305197 -5.26837
0.285577 0.305269 -5.28474
0.296244 0.304327 -5.30143
0.299337 0.304646 -5.29748
0.413852 0.305661 -5.29703
0.423446 0.304503 -5.31634
0.427689 0.30491 -5.31139
0.152865 0.305796 -5.31447
0.158097 0.305739 -5.31791
0.153189 0.306945 -5.30076
0.156124 0.307089 -5.29937
0.159054 0.307238 -5.2979
0.285437 0.306652 -5.32087
0.288544 0.306876 -5.31854
0.295428 0.305663 -5.33583
0.296165 0.306724 -5.32118
0.299312 0.306962 -5.31869
0.417688 0.306664 -5.33723
0.421693 0.307115 -5.33232
0.425046 0.306956 -5.33457
0.429152 0.307396 -5.32981
0.149985 0.308462 -5.32876
0.154652 0.308271 -5.33128
0.159097 0.308739 -5.32676
0.159941 0.309042 -5.32168
0.28723 0.308401 -5.34536
0.293701 0.308347 -5.34475
0.296813 0.308506 -5.34338
0.298912 0.308965 -5.33682
0.418294 0.308326 -5.36315
0.424256 0.307762 -5.36965
0.42808 0.308238 -5.36506
0.430666 0.307709 -5.37085
0.291561 0.30993 -5.36579
0.29649 0.309279 -5.37403
0.301306 0.308606 -5.38238
0.419409 0.30968 -5.38373
0.421989 0.30943 -5.38782
0.425121 0.309465 -5.38779
0.428791 0.309963 -5.38346
0.430821 0.309077 -5.392
0.291407 0.310593 -5.39248
0.294464 0.310577 -5.39291
0.298175 0.311708 -5.38212
0.0344138 0.203369 -3.21609
0.0859892 0.20908 -3.45833
0.0180394 0.188181 -2.72344
0.0770212 0.197049 -3.03307
0.376871 0.276808 -5.83893
0.337143 0.175075 -2.17273
0.0923528 0.239454 -3.97242
0.100547 0.238677 -3.93009
0.132121 0.240957 -4.04666
0.16189 0.243244 -4.16386
0.204118 0.238688 -3.91655
0.209526 0.236547 -3.80226
0.204205 0.230242 -3.526
0.29273 0.249365 -4.53001
0.315754 0.232567 -3.57667
0.347548 0.225105 -3.17666
0.37167 0.238089 -3.86189
0.386658 0.239422 -3.88271
0.114147 0.258085 -4.32953
0.0938162 0.256201 -4.14723
0.103753 0.256041 -4.12813
0.13111 0.257008 -4.21659
0.157099 0.257976 -4.30547
0.0883567 0.238519 -2.683
0.150777 0.243494 -3.11688
0.280388 0.258505 -4.49453
0.383672 0.261411 -4.45989
0.396269 0.259838 -4.353
0.132329 0.271335 -4.62832
0.13384 0.270814 -4.59192
0.251943 0.271765 -4.62653
0.262723 0.271805 -4.64149
0.269564 0.271315 -4.61893
0.283769 0.271884 -4.67411
0.372965 0.272721 -4.60852
0.382663 0.272742 -4.64034
0.392231 0.272786 -4.61837
0.399598 0.272763 -4.72971
0.117596 0.279853 -4.74934
0.128064 0.279809 -4.75869
0.1273 0.280149 -4.72178
0.137893 0.280104 -4.73131
0.153983 0.279846 -4.7661
0.174399 0.279395 -4.82354
0.261762 0.280072 -4.78947
0.266617 0.280356 -4.76111
0.279905 0.280369 -4.80998
0.289591 0.280202 -4.83111
0.390321 0.281168 -4.77523
0.397067 0.281005 -4.8357
0.405351 0.281268 -4.81358
0.412665 0.281125 -4.83038
0.12416 0.286282 -4.88483
0.13838 0.286217 -4.91024
0.117684 0.287289 -4.80955
0.132293 0.286863 -4.83594
0.263662 0.286598 -4.92063
0.266346 0.287281 -4.88667
0.28097 0.286437 -4.95011
0.394831 0.287179 -4.93994
0.410951 0.288183 -4.87525
0.413762 0.286969 -4.97115
0.138607 0.290767 -5.01722
0.139017 0.290988 -4.99967
0.269425 0.291707 -5.00882
0.277781 0.291232 -5.026
0.287799 0.291808 -5.00865
0.398617 0.292397 -5.02849
0.403903 0.291541 -5.05681
0.409867 0.291652 -5.05425
0.416604 0.292236 -5.03671
0.156729 0.295665 -5.05632
0.273786 0.295712 -5.07883
0.284066 0.296031 -5.07246
0.292896 0.295314 -5.09787
0.411702 0.295285 -5.12768
0.41781 0.295963 -5.11248
0.422864 0.295749 -5.11825
0.142881 0.297966 -5.15137
0.137407 0.298873 -5.12412
0.146522 0.29836 -5.1352
0.147341 0.298708 -5.12377
0.152197 0.299025 -5.123
0.282273 0.298054 -5.16682
0.284572 0.29901 -5.14893
0.288078 0.299303 -5.13918
0.415353 0.29967 -5.15244
0.423696 0.301656 -5.10572
0.14545 0.300821 -5.19321
0.278752 0.30146 -5.20127
0.286127 0.301976 -5.19067
0.294024 0.301091 -5.2119
0.423891 0.301472 -5.2265
0.151808 0.302532 -5.24829
0.283663 0.303443 -5.25216
0.289946 0.303977 -5.24096
0.295017 0.303566 -5.24688
0.290627 0.305072 -5.29071
0.289245 0.307988 -5.30351
0.294684 0.307404 -5.31277
0.0676302 0.205461 -3.31457
0.319634 0.193435 -2.82074
0.346004 0.197724 -2.97638
0.0874161 0.238694 -3.94156
0.118075 0.240687 -4.0465
0.105232 0.23719 -3.85843
0.121944 0.237381 -3.86719
0.13866 0.237593 -3.87702
0.150974 0.226756 -3.35056
0.173751 0.226278 -3.3821
0.188216 0.224999 -3.31532
0.293237 0.248295 -4.5265
0.371164 0.237688 -3.81119
0.385617 0.243704 -4.10321
0.113844 0.258005 -4.32797
0.10927 0.256477 -4.16103
0.135374 0.257286 -4.24345
0.228426 0.258068 -4.3061
0.0341148 0.232291 -2.1053
0.465372 0.283557 -6.71547
0.407717 0.276171 -6.09409
0.360413 0.259805 -4.32541
0.372622 0.260024 -4.34905
0.384505 0.259634 -4.2971
0.39536 0.260619 -4.41656
0.123628 0.271051 -4.58821
0.127997 0.271097 -4.56348
0.125172 0.270641 -4.50113
0.253503 0.271813 -4.64072
0.271662 0.271869 -4.63893
0.277445 0.271472 -4.60158
0.392222 0.27271 -4.62724
0.401698 0.272742 -4.62572
0.28956 0.280555 -4.82764
0.396609 0.2809 -4.8563
0.405661 0.281265 -4.80487
0.412539 0.28132 -4.83009
0.266417 0.287305 -4.88707
0.27492 0.287047 -4.89936
0.283267 0.286777 -4.91215
0.400203 0.28664 -4.98601
0.28183 0.291908 -5.00914
0.288421 0.291785 -5.01337
0.415403 0.29174 -5.0586
0.2732 0.296151 -5.07374
0.279519 0.299036 -5.14834
0.254725 0.314919 -5.12521
0.222286 0.335843 -4.91717
0.195217 0.34768 -4.85147
0.206319 0.34561 -4.87276
0.00881466 0.20122 -3.21511
0.0522875 0.207358 -3.38119
0.0517904 0.201387 -3.21582
0.100584 0.208304 -3.44948
0.181648 0.21666 -3.69343
0.178653 0.209704 -3.44856
0.0936988 0.242685 -4.11376
0.101542 0.241126 -4.07483
0.111262 0.241386 -4.04361
0.117573 0.239395 -3.98523
0.21598 0.242243 -4.06637
0.22275 0.240468 -3.97396
0.220975 0.235096 -3.75034
0.284541 0.248071 -4.41886
0.329639 0.241053 -3.98234
0.33798 0.233076 -3.57158
0.355283 0.231398 -3.48202
0.376487 0.239083 -3.87191
0.391868 0.241899 -4.01323
0.0867263 0.259689 -4.36101
0.0198573 0.254101 -3.94753
0.112896 0.258412 -4.22994
0.122861 0.258246 -4.21022
0.22115 0.259938 -4.25888
0.11545 0.242342 -2.98118
0.25367 0.258025 -4.3328
0.276768 0.259801 -4.47016
0.400688 0.262362 -4.41945
0.118074 0.273112 -4.66256
0.129062 0.273175 -4.66956
0.268938 0.274444 -4.7382
0.27254 0.274419 -4.67874
0.289932 0.274575 -4.77491
0.37748 0.274923 -4.65239
0.387361 0.274961 -4.63711
0.397505 0.275001 -4.62271
0.403383 0.275621 -4.80676
0.412564 0.275663 -4.78568
0.117492 0.282448 -4.80852
0.128006 0.282427 -4.8176
0.138487 0.282402 -4.82713
0.14893 0.282373 -4.83714
0.117331 0.282684 -4.65969
0.257013 0.282779 -4.85888
0.261972 0.283033 -4.83274
0.272159 0.282928 -4.8514
0.285223 0.282985 -4.89992
0.291916 0.282683 -4.89214
0.40165 0.283804 -4.88085
0.410185 0.284045 -4.85979
0.416213 0.284029 -4.90921
0.132783 0.289519 -4.92583
0.141625 0.289073 -4.93197
0.147311 0.289219 -4.92575
0.265166 0.289702 -4.97872
0.271246 0.289883 -4.97115
0.289885 0.290069 -4.9474
0.398655 0.290556 -4.99536
0.413389 0.290506 -4.98378
0.418035 0.289913 -5.03412
0.140539 0.29359 -5.08701
0.146075 0.293358 -5.08578
0.140905 0.294675 -5.02766
0.273838 0.294395 -5.08982
0.279982 0.294421 -5.09032
0.292239 0.294479 -5.09114
0.414515 0.2952 -5.10455
0.420674 0.295277 -5.10337
0.425976 0.295305 -5.11355
0.143747 0.298617 -5.11535
0.148273 0.2991 -5.11128
0.28517 0.299351 -5.12995
0.40939 0.298012 -5.21163
0.420996 0.29859 -5.19357
0.425341 0.298345 -5.20644
0.144639 0.301135 -5.20923
0.149052 0.301247 -5.2077
0.279371 0.302571 -5.20179
0.287473 0.30187 -5.22147
0.292057 0.302071 -5.21828
0.296685 0.302279 -5.21494
0.150378 0.304105 -5.2608
0.156093 0.303964 -5.2638
0.29164 0.304352 -5.27928
0.414235 0.304472 -5.29707
0.419072 0.304894 -5.29113
0.423253 0.304579 -5.29661
0.427323 0.304578 -5.30032
0.155179 0.3057 -5.31419
0.15409 0.307549 -5.28122
0.291132 0.306256 -5.32829
0.297917 0.305217 -5.34508
0.298064 0.306758 -5.32005
0.415699 0.306968 -5.33645
0.423713 0.306686 -5.34109
0.161103 0.308873 -5.3369
0.299081 0.306208 -5.39481
0.291194 0.310121 -5.39088
0.294076 0.310585 -5.38661
0.298569 0.310092 -5.39193
7.25057 -0.675302 -18.5168
0.0931413 0.216398 -3.72986
0.0584318 0.205797 -3.35542
0.102931 0.21149 -3.55507
0.0599503 0.197091 -3.04628
0.203551 0.220759 -3.87855
0.242708 0.228757 -4.16033
0.277363 0.236793 -4.4437
0.310599 0.245943 -4.76669
0.376788 0.280852 -6.00971
0.383058 0.351265 -8.55626
0.0589545 0.236427 -3.89899
0.0902586 0.238412 -3.99856
0.120002 0.240401 -4.09843
0.0986775 0.233033 -3.76828
-0.0148603 0.213832 -2.81123
0.113252 0.230433 -3.63565
0.198492 0.238244 -3.97836
0.231188 0.242123 -4.17589
0.206451 0.233776 -3.74606
0.291193 0.250282 -4.6189
0.319159 0.25579 -4.8939
0.38158 0.273728 -5.79249
0.290016 0.214917 -2.76011
0.332304 0.232494 -3.66627
0.348126 0.229822 -3.52622
0.364186 0.220454 -3.03916
0.388308 0.211288 -2.5617
0.0879245 0.254895 -4.26046
0.112536 0.255698 -4.32809
0.110488 0.255611 -4.257
0.134752 0.256421 -4.32872
0.127491 0.254554 -4.22024
0.211918 0.254827 -4.22599
0.239953 0.257243 -4.38211
0.156915 0.245557 -3.39227
0.201367 0.248914 -3.68862
0.241404 0.252323 -3.99066
0.3531 0.253173 -3.96465
0.366561 0.251581 -3.80875
0.381348 0.254234 -4.05949
0.391695 0.256893 -4.31184
0.406469 0.255253 -4.15108
0.116552 0.268245 -4.54134
0.117996 0.268193 -4.50529
0.114789 0.267489 -4.44463
0.135729 0.267664 -4.49878
0.15847 0.26841 -4.5664
0.215286 0.267602 -4.35544
0.238535 0.267903 -4.46684
0.265443 0.268688 -4.53872
0.283805 0.268907 -4.64328
0.369028 0.268778 -4.39719
0.38004 0.268634 -4.28416
0.398921 0.266868 -3.74217
0.399054 0.269029 -4.50003
0.406418 0.269185 -4.58593
0.112196 0.27652 -4.72798
0.116299 0.276633 -4.71441
0.120261 0.276756 -4.69941
0.136279 0.276576 -4.73177
0.140363 0.276699 -4.71679
0.144289 0.276835 -4.70007
0.0722676 0.278527 -4.34511
0.255726 0.2768 -4.75797
0.259546 0.277045 -4.72631
0.282452 0.277174 -4.71962
0.393142 0.277618 -4.77132
0.402534 0.278164 -4.70586
0.409842 0.277998 -4.73037
0.416731 0.277831 -4.75472
0.127478 0.282491 -4.85694
0.261433 0.283029 -4.85648
0.266123 0.283311 -4.84016
0.275776 0.283388 -4.86168
0.28403 0.282779 -4.87747
0.28859 0.283119 -4.85754
0.392495 0.284926 -4.79749
0.399501 0.284704 -4.81243
0.406226 0.284472 -4.82796
0.412714 0.284249 -4.84284
0.419015 0.284045 -4.85654
0.117264 0.287956 -4.92477
0.129225 0.287553 -4.94262
0.134696 0.287615 -4.94117
0.145622 0.287746 -4.93793
0.144363 0.288364 -4.91355
0.2604 0.289344 -4.8955
0.272172 0.288378 -4.93534
0.277491 0.288564 -4.92899
0.288568 0.287546 -4.97076
0.288153 0.289009 -4.91348
0.395784 0.289253 -4.93648
0.405638 0.291372 -4.84158
0.408003 0.289141 -4.94288
0.416031 0.287688 -5.01192
0.136233 0.291581 -5.01268
0.141798 0.291588 -5.01326
0.142265 0.292098 -4.99875
0.14107 0.292472 -4.97868
0.146593 0.292513 -4.97829
0.274424 0.291633 -5.03086
0.285185 0.291658 -5.03168
0.286293 0.292847 -4.99784
0.408779 0.292149 -5.04368
0.415941 0.293275 -5.01298
0.419664 0.292298 -5.04101
0.140311 0.294187 -5.09088
0.141106 0.294373 -5.08084
0.142688 0.29476 -5.07231
0.145508 0.295627 -5.05311
0.149969 0.295431 -5.05167
0.155496 0.295401 -5.05305
0.278507 0.294725 -5.08988
0.280329 0.295632 -5.06966
0.291116 0.294178 -5.10959
0.294198 0.294419 -5.09873
0.42198 0.296276 -5.07891
0.15064 0.296121 -5.14955
0.1621 0.295461 -5.1671
0.148236 0.298306 -5.09948
0.279792 0.29677 -5.1519
0.27772 0.298565 -5.11392
0.284889 0.29804 -5.12908
0.287539 0.298749 -5.1163
0.295138 0.297633 -5.13771
0.408239 0.298724 -5.13473
0.413138 0.299007 -5.1301
0.420614 0.297837 -5.15227
0.425474 0.298108 -5.14787
0.148769 0.299648 -5.1648
0.151313 0.2999 -5.16111
0.15383 0.300165 -5.1572
0.161749 0.299633 -5.16636
0.279545 0.300176 -5.17344
0.284526 0.299898 -5.17828
0.287447 0.30039 -5.17091
0.290445 0.300906 -5.16318
0.41325 0.300345 -5.1879
0.41781 0.300699 -5.18289
0.421416 0.300285 -5.18965
0.424929 0.299888 -5.19614
0.146357 0.301621 -5.20295
0.146151 0.302443 -5.18606
0.151875 0.302411 -5.18995
0.154627 0.302624 -5.18733
0.279426 0.302965 -5.19468
0.285661 0.302343 -5.20654
0.290401 0.302002 -5.21159
0.295073 0.301654 -5.21673
0.41396 0.30188 -5.22776
0.425113 0.301726 -5.23088
0.147365 0.303149 -5.23499
0.146063 0.303758 -5.22532
0.149958 0.304367 -5.21839
0.28241 0.30339 -5.2466
0.284399 0.303842 -5.23918
0.290045 0.303205 -5.24948
0.293199 0.303412 -5.24732
0.296381 0.303625 -5.24508
0.414365 0.303204 -5.26289
0.418366 0.303658 -5.25792
0.421736 0.303509 -5.25997
0.425077 0.303363 -5.26199
0.149091 0.304869 -5.2583
0.152143 0.304945 -5.25776
0.153576 0.305308 -5.25401
0.152788 0.30589 -5.24581
0.15407 0.306308 -5.24144
0.284413 0.304809 -5.27253
0.286334 0.305493 -5.26547
0.290651 0.305073 -5.27028
0.293788 0.305214 -5.26906
0.41515 0.304673 -5.28886
0.286378 0.306126 -5.29608
0.289475 0.306175 -5.29587
0.292574 0.306227 -5.29564
0.295674 0.306281 -5.29538
0.419329 0.306256 -5.30894
0.422474 0.306272 -5.30905
0.424513 0.305345 -5.31797
0.427097 0.305211 -5.32088
0.286682 0.30797 -5.31069
0.291348 0.307329 -5.31791
0.292843 0.307961 -5.31125
0.297473 0.307274 -5.31888
0.427117 0.308273 -5.32071
0.0688853 0.212024 -3.56229
0.0348915 0.195606 -3.01923
-0.0131439 0.178712 -2.42372
0.202768 0.216011 -3.70208
0.200703 0.209475 -3.4669
0.403152 0.293321 -6.46167
0.195356 0.0973077 0.570009
0.326977 0.206902 -3.37078
0.343366 0.202809 -3.17882
0.076594 0.23671 -3.91748
0.0849142 0.236002 -3.87946
0.0926799 0.235144 -3.83362
0.125071 0.237458 -3.95381
0.155589 0.239781 -4.07457
0.194593 0.23444 -3.78969
0.204643 0.232269 -3.72391
0.204845 0.228299 -3.51968
0.31189 0.252524 -4.77938
0.293225 0.217302 -2.87722
0.321542 0.221486 -3.09656
0.337034 0.212582 -2.62485
0.365829 0.232571 -3.62703
0.382849 0.233863 -3.69611
0.101499 0.256312 -4.32783
0.112553 0.256333 -4.32801
0.108629 0.254896 -4.24745
0.12192 0.255663 -4.25589
0.124773 0.253733 -4.12899
0.144412 0.243867 -3.26123
0.0736068 0.230821 -2.20217
0.162115 0.23945 -2.96681
0.368012 0.256644 -4.24299
0.381393 0.254091 -4.04328
0.391116 0.257584 -4.34285
0.402377 0.257567 -4.33876
0.128275 0.268688 -4.63107
0.119854 0.268189 -4.51388
0.0296233 0.266378 -4.0371
0.0861135 0.266756 -4.25204
0.267824 0.26853 -4.56542
0.278235 0.268555 -4.58019
0.369028 0.269291 -4.49261
0.37901 0.269295 -4.54035
0.40522 0.269321 -4.62672
0.119878 0.276696 -4.72777
0.125233 0.2768 -4.71858
0.123899 0.276715 -4.68225
0.128807 0.276851 -4.66902
0.139316 0.276788 -4.67891
0.151288 0.277098 -4.69552
0.259832 0.277078 -4.72858
0.261777 0.277146 -4.67678
0.275077 0.277159 -4.72463
0.280431 0.277442 -4.69717
0.386333 0.278247 -4.69006
0.401992 0.277889 -4.72912
0.407967 0.277316 -4.78632
0.125037 0.28327 -4.82536
0.134615 0.283114 -4.83487
0.129479 0.284097 -4.76405
0.139448 0.283939 -4.77399
0.259513 0.28339 -4.84191
0.265417 0.283564 -4.83406
0.273907 0.283728 -4.84525
0.282891 0.283356 -4.86516
0.286353 0.283617 -4.83493
0.401776 0.282697 -4.9477
0.4114 0.284064 -4.86861
0.136166 0.288135 -4.92676
0.138936 0.28815 -4.91613
0.265551 0.28849 -4.93161
0.275499 0.287992 -4.95928
0.281593 0.287973 -4.96069
0.285747 0.288469 -4.94501
0.401088 0.288704 -4.96179
0.4072 0.288789 -4.95984
0.41334 0.288867 -4.95812
0.415691 0.287572 -5.01732
0.135565 0.292181 -4.99522
0.136551 0.293128 -4.96483
0.14272 0.293104 -4.9661
0.283317 0.292203 -5.01741
0.289211 0.292075 -5.02118
0.408928 0.292371 -5.03956
0.414566 0.292588 -5.03501
0.145133 0.294541 -5.07876
0.279982 0.295837 -5.06695
0.286759 0.295499 -5.07861
0.292391 0.295238 -5.08413
0.411968 0.296606 -5.07424
0.420727 0.295875 -5.09319
0.280826 0.297846 -5.13194
0.28358 0.298616 -5.12015
0.289828 0.297893 -5.132
0.412395 0.298395 -5.14148
0.416596 0.298075 -5.14676
0.421067 0.298412 -5.14512
0.285257 0.301089 -5.15796
0.421474 0.300327 -5.189
0.286916 0.302021 -5.21299
0.293906 0.302236 -5.20928
0.413337 0.301427 -5.23483
0.417507 0.301956 -5.22935
0.286979 0.304579 -5.23283
0.0925671 0.238646 -4.01238
0.0964569 0.237535 -3.95148
0.0990661 0.236148 -3.87549
0.100781 0.213679 -2.79714
0.190231 0.227026 -3.53741
0.291371 0.247915 -4.58779
0.285507 0.244173 -4.39916
0.337054 0.237152 -3.87771
0.351401 0.236247 -3.82625
0.366686 0.235552 -3.78657
0.381933 0.238486 -3.9513
0.109661 0.255718 -4.3134
0.109813 0.255189 -4.25375
0.113213 0.253463 -4.13596
0.131162 0.254455 -4.16861
0.233255 0.255904 -4.31912
0.227228 0.250362 -4.09523
-1.99716 -0.0469094 21.5854
0.449072 0.279057 -6.57366
0.356539 0.256878 -4.27472
0.367873 0.256441 -4.21721
0.379891 0.257941 -4.40695
0.391055 0.257558 -4.35654
0.115608 0.268125 -4.53725
0.124787 0.268141 -4.53673
0.250112 0.268756 -4.56976
0.263215 0.268696 -4.60954
0.268305 0.268788 -4.56899
0.277322 0.268806 -4.56747
0.378818 0.269446 -4.56557
0.388188 0.269471 -4.56189
0.396921 0.269391 -4.59856
0.125512 0.276745 -4.68867
0.117592 0.27709 -4.62257
0.126821 0.277078 -4.62535
0.257939 0.277132 -4.71286
0.275321 0.277396 -4.72524
0.281903 0.277167 -4.71436
0.386383 0.277795 -4.71374
0.393659 0.277749 -4.74716
0.401759 0.27793 -4.73513
0.408034 0.277708 -4.77882
0.13243 0.283144 -4.82718
0.12883 0.284041 -4.78849
0.131183 0.284407 -4.74187
0.261843 0.28401 -4.80573
0.273459 0.283483 -4.84316
0.265681 0.288512 -4.93236
0.278784 0.288634 -4.93769
0.284319 0.288503 -4.93439
0.408062 0.289252 -4.94059
1.97504 0.135031 -10.6461
0.270209 0.292866 -5.00169
0.288311 0.292346 -5.01383
0.40335 0.292246 -5.04339
0.414815 0.292694 -5.0312
0.286736 0.297734 -5.13972
0.281021 0.30124 -5.15758
0.651613 0.465981 -3.03052
0.039513 0.203712 -3.28574
0.074232 0.19647 -3.02929
0.0818259 0.192106 -2.87596
0.0804115 0.240774 -4.03397
0.0971188 0.241073 -4.04688
0.0989556 0.239443 -3.9617
0.0987178 0.237334 -3.85189
0.115287 0.237438 -3.85467
0.197671 0.237965 -3.86888
0.211927 0.236683 -3.84744
0.212296 0.231396 -3.63138
0.306727 0.253471 -4.73049
0.334037 0.244814 -4.16452
0.359416 0.238871 -3.84218
0.375956 0.238176 -3.80223
0.117079 0.258645 -4.25524
0.120826 0.257369 -4.19813
0.235795 0.260593 -4.41037
0.205631 0.25033 -3.7654
0.228884 0.251355 -3.84483
0.365635 0.26268 -4.45275
0.377303 0.263005 -4.485
0.399966 0.262937 -4.46776
0.115127 0.2733 -4.64916
0.12426 0.273339 -4.647
0.128475 0.273373 -4.62074
0.13091 0.272878 -4.58387
0.146577 0.273453 -4.61233
0.254366 0.274334 -4.68611
0.255704 0.273911 -4.60671
0.272717 0.274417 -4.68073
0.285672 0.274422 -4.7241
0.377292 0.275307 -4.70067
0.396336 0.275401 -4.69223
0.404246 0.275766 -4.75944
0.119522 0.282932 -4.66926
0.137248 0.282626 -4.70807
0.258022 0.283115 -4.79931
0.270087 0.282795 -4.83349
0.401345 0.283946 -4.88771
0.409549 0.284136 -4.8758
0.415749 0.283951 -4.9213
0.13852 0.289821 -4.89117
0.149957 0.289546 -4.90679
0.270459 0.289933 -4.965
0.280355 0.289773 -4.98817
0.285701 0.289786 -4.97495
0.404502 0.289876 -5.03767
0.411214 0.289962 -5.03568
0.142902 0.293884 -5.07538
0.271282 0.29479 -5.07169
0.283469 0.294946 -5.06934
0.292168 0.294198 -5.09218
0.40988 0.296162 -5.06458
0.422651 0.296143 -5.0673
0.284784 0.299631 -5.12614
0.288306 0.301771 -5.22658
0.292945 0.306894 -5.31493
0.0749403 0.212244 -3.56304
0.113568 0.216644 -3.72327
0.0774186 0.205596 -3.32118
0.00740226 0.185273 -2.58153
0.0683707 0.194137 -2.90422
0.219984 0.220859 -3.87698
0.259998 0.229808 -4.20272
0.294691 0.238772 -4.52898
0.0941685 0.238933 -4.04862
0.0814985 0.236136 -3.89865
0.188007 0.235201 -3.84625
0.194158 0.232564 -3.75411
0.271373 0.246211 -4.4657
0.274193 0.244579 -4.3804
0.306724 0.250647 -4.69684
0.296727 0.221375 -3.10137
0.317592 0.221736 -3.12032
0.343386 0.229666 -3.54574
0.360352 0.225626 -3.32839
0.380571 0.218734 -2.9578
0.393083 0.233727 -3.76289
0.111265 0.254959 -4.32199
0.10592 0.253495 -4.24072
0.100544 0.252578 -4.15182
0.126114 0.253392 -4.22902
0.150452 0.254206 -4.30632
0.175134 0.255709 -4.3933
0.196211 0.256439 -4.4663
0.230887 0.253798 -4.26017
0.217334 0.251143 -4.00275
0.259048 0.253807 -4.32014
0.570801 0.294872 -8.10202
0.350804 0.252662 -4.06542
0.362707 0.251241 -3.91853
0.376369 0.253098 -4.1079
0.390721 0.251485 -3.94116
0.400347 0.253611 -4.15842
0.112647 0.26602 -4.46659
0.110003 0.265391 -4.41244
0.109792 0.265325 -4.36522
0.130896 0.265429 -4.41974
0.170595 0.266192 -4.57441
0.151768 0.265467 -4.42803
0.209546 0.265317 -4.26715
0.25474 0.265689 -4.49095
0.262563 0.266226 -4.47467
0.365234 0.266298 -4.40243
0.392325 0.264923 -3.81686
0.394014 0.266397 -4.47146
0.406288 0.266325 -4.37036
0.11304 0.274275 -4.64139
0.128828 0.274057 -4.67228
0.133019 0.274172 -4.6588
0.137073 0.274299 -4.64382
0.152873 0.274054 -4.67797
0.168137 0.273809 -4.71217
0.271708 0.273901 -4.72395
0.27963 0.274471 -4.65442
0.407663 0.275014 -4.61521
0.132677 0.279553 -4.81153
0.129679 0.280092 -4.77916
0.134713 0.280201 -4.77335
0.139709 0.280319 -4.76703
0.153292 0.27992 -4.79255
0.1683 0.279773 -4.82484
0.258413 0.280269 -4.78597
0.27148 0.279461 -4.8357
0.280044 0.279537 -4.85319
0.285313 0.279694 -4.84486
0.290606 0.279871 -4.83537
0.390005 0.282541 -4.66892
0.397034 0.28206 -4.69839
0.403682 0.281634 -4.72457
0.408179 0.281018 -4.78492
0.414454 0.280829 -4.79662
0.126665 0.284958 -4.87061
0.138339 0.284521 -4.88847
0.137573 0.285065 -4.86766
0.153897 0.28525 -4.86236
0.159327 0.285318 -4.86031
0.264175 0.285306 -4.87186
0.269533 0.285449 -4.86695
0.280619 0.284438 -4.90665
0.285867 0.28456 -4.90255
0.291086 0.284707 -4.89752
0.399394 0.286552 -4.83866
0.415623 0.285691 -4.88609
0.137847 0.287991 -4.96649
0.138717 0.288422 -4.95448
0.139393 0.288893 -4.94133
0.138556 0.289222 -4.92327
0.144078 0.289236 -4.92338
0.149598 0.289251 -4.92347
0.161596 0.288873 -4.94394
0.276075 0.28762 -4.9896
0.282596 0.28859 -4.96297
0.283817 0.289747 -4.93062
0.404754 0.28877 -4.97731
0.411766 0.289876 -4.94735
0.414092 0.288535 -4.99247
0.137154 0.291252 -5.0166
0.142616 0.291185 -5.01855
0.140398 0.292001 -5.00025
0.137668 0.292913 -4.97976
0.143201 0.29287 -4.98119
0.143175 0.293213 -4.96715
0.158393 0.292255 -4.99612
0.272737 0.291481 -5.02865
0.278068 0.291327 -5.03248
0.27781 0.29251 -5.00045
0.288597 0.291002 -5.04048
0.412715 0.292699 -5.01359
0.41793 0.29286 -5.01049
0.144794 0.294321 -5.05803
0.146172 0.294484 -5.05071
0.282412 0.294834 -5.05947
0.28755 0.294611 -5.06391
0.408276 0.294686 -5.07635
0.411986 0.294131 -5.08665
0.416738 0.29441 -5.08199
0.4193 0.293603 -5.10083
0.144637 0.296107 -5.10612
0.14729 0.296315 -5.10312
0.146619 0.29678 -5.09245
0.146426 0.297427 -5.08238
0.151663 0.297288 -5.08493
0.156889 0.297145 -5.08754
0.279172 0.29621 -5.11454
0.282051 0.296655 -5.1079
0.286952 0.296351 -5.11295
0.289902 0.296822 -5.1059
0.409481 0.296879 -5.11728
0.414972 0.297657 -5.10234
0.419627 0.297978 -5.09774
0.421123 0.296444 -5.1248
0.14469 0.299668 -5.11491
0.149765 0.299501 -5.11753
0.154827 0.299329 -5.1202
0.284864 0.298366 -5.14519
0.287915 0.298699 -5.14096
0.294097 0.297635 -5.15563
0.4118 0.299522 -5.13882
0.416162 0.299908 -5.13396
0.417967 0.298535 -5.15511
0.424001 0.29779 -5.16798
0.144138 0.299819 -5.16686
0.147123 0.299918 -5.1659
0.150106 0.300021 -5.1649
0.14886 0.300638 -5.15528
0.152352 0.300872 -5.15501
0.157189 0.300673 -5.15769
0.278851 0.300312 -5.1704
0.281929 0.300539 -5.16794
0.286434 0.300143 -5.17292
0.291965 0.299467 -5.18341
0.415407 0.300496 -5.1799
0.418064 0.300027 -5.18771
0.422137 0.300464 -5.1829
0.423926 0.299188 -5.1979
0.148496 0.302255 -5.18187
0.146015 0.303128 -5.17055
0.152921 0.302712 -5.17735
0.28194 0.301486 -5.20084
0.282855 0.30239 -5.18954
0.28816 0.301722 -5.19878
0.292388 0.301283 -5.20368
0.416862 0.300341 -5.22707
0.421209 0.301037 -5.21846
0.282886 0.303265 -5.21943
0.286985 0.302812 -5.22399
0.29182 0.302149 -5.23206
0.294026 0.302642 -5.22755
0.415755 0.302749 -5.23607
0.418887 0.302767 -5.23611
0.424053 0.302155 -5.24362
0.283586 0.303593 -5.24843
0.285799 0.303979 -5.24526
0.294205 0.30408 -5.24366
0.0633724 0.235913 -3.87481
0.0721461 0.23534 -3.84311
0.102504 0.237114 -3.94227
0.0841757 0.232484 -3.73402
0.141311 0.226235 -3.39715
0.158762 0.224931 -3.38513
0.183864 0.227541 -3.46842
0.223764 0.231454 -3.72933
0.339573 0.258088 -5.14043
0.327563 0.231196 -3.61642
0.341103 0.226295 -3.34403
0.37712 0.237236 -3.95327
0.107761 0.254365 -4.30498
0.107094 0.253835 -4.24679
0.104907 0.253182 -4.17523
0.115636 0.253136 -4.16991
0.111015 0.252254 -4.07318
0.121261 0.252127 -4.059
0.131395 0.251978 -4.04249
0.130015 0.240848 -3.09031
0.180492 0.244313 -3.43093
0.462729 0.278392 -6.72028
0.353506 0.254639 -4.26148
0.387056 0.254665 -4.26361
0.154209 0.266135 -4.53483
0.165014 0.266135 -4.5456
0.175789 0.266133 -4.55712
0.244991 0.266241 -4.48395
0.251307 0.265748 -4.45817
0.273165 0.266178 -4.58774
0.283325 0.266169 -4.60881
0.365678 0.266339 -4.46957
0.37515 0.266359 -4.4532
0.384908 0.266378 -4.43759
0.400241 0.266729 -4.58371
0.121741 0.274167 -4.64492
0.126923 0.27428 -4.6345
0.132016 0.274403 -4.62298
0.142392 0.274311 -4.63326
0.157737 0.273993 -4.66631
0.16791 0.273886 -4.67799
0.258124 0.274485 -4.66998
0.265095 0.27413 -4.66564
0.270044 0.274413 -4.6384
0.283291 0.274275 -4.69254
0.382691 0.275337 -4.60494
0.389123 0.274663 -4.70528
0.397207 0.274925 -4.68287
0.403324 0.274384 -4.73163
0.131547 0.280389 -4.76214
0.132827 0.280425 -4.74218
0.130462 0.28111 -4.707
0.136094 0.281245 -4.70061
0.155112 0.280732 -4.74711
0.257497 0.280633 -4.77837
0.261212 0.280749 -4.75545
0.272601 0.28039 -4.79146
0.283636 0.279946 -4.82968
0.40682 0.280442 -4.81664
0.135504 0.284869 -4.87959
0.133396 0.285337 -4.85442
0.136853 0.285605 -4.84591
0.153967 0.284817 -4.88263
0.265707 0.285083 -4.8824
0.271769 0.285066 -4.88341
0.283821 0.285039 -4.88516
0.289799 0.285034 -4.88576
0.397575 0.285586 -4.88566
0.403664 0.285644 -4.88429
0.408995 0.285617 -4.8949
0.415903 0.285745 -4.88201
0.139118 0.289268 -4.92488
0.273881 0.288084 -4.97528
0.27385 0.289344 -4.93889
0.279764 0.289218 -4.94235
0.286975 0.288957 -4.95539
0.404391 0.288611 -4.98355
0.412629 0.287785 -5.01413
0.142045 0.292856 -4.97809
0.279887 0.292194 -5.01318
0.285508 0.291912 -5.01883
0.291049 0.291622 -5.0246
0.416713 0.2922 -5.02626
0.143098 0.294197 -5.06431
0.275548 0.294304 -5.07102
0.282084 0.295042 -5.057
0.288222 0.294306 -5.06871
0.408947 0.295116 -5.06703
0.145642 0.296525 -5.0994
0.146315 0.296936 -5.09169
0.281143 0.296893 -5.10294
0.284866 0.297108 -5.10038
0.28991 0.296914 -5.10557
0.418633 0.297605 -5.10695
0.420605 0.296189 -5.12965
0.278614 0.299305 -5.13197
0.283928 0.298796 -5.13981
0.288149 0.298589 -5.14236
0.291868 0.298656 -5.14184
0.278965 0.301875 -5.15247
0.283572 0.301372 -5.15767
0.0518469 0.208765 -3.40374
0.0352384 0.200907 -3.15076
0.090507 0.235308 -3.86825
0.0827066 0.211286 -2.59346
0.560955 0.307452 -7.69512
0.386157 0.268797 -5.74296
0.34704 0.234179 -3.77009
0.36334 0.237169 -3.94485
0.377253 0.236516 -3.90755
0.0967338 0.25253 -4.13139
0.112535 0.252701 -4.15272
0.179966 0.25592 -4.42347
0.230669 0.254118 -4.25856
0.255775 0.25576 -4.40515
0.586783 0.295438 -8.24237
0.353804 0.254826 -4.28182
0.364404 0.254437 -4.22882
0.386736 0.254908 -4.29462
0.395251 0.256261 -4.41099
0.0937059 0.26577 -4.42539
0.1089 0.265381 -4.36098
0.123242 0.26535 -4.38193
0.24565 0.266117 -4.49056
0.254681 0.266122 -4.48927
0.270445 0.266373 -4.55757
0.279445 0.266361 -4.56213
0.393501 0.266605 -4.49156
0.126092 0.274365 -4.66149
0.260813 0.274024 -4.69392
0.264771 0.274473 -4.66109
0.273573 0.274336 -4.67167
0.282217 0.274194 -4.68254
0.382149 0.275192 -4.64304
0.388723 0.274242 -4.73474
0.396738 0.274733 -4.70168
0.403523 0.274367 -4.72698
0.120752 0.28148 -4.6979
0.256188 0.281594 -4.71504
0.393472 0.280425 -4.82017
0.400098 0.280481 -4.81838
0.405844 0.280317 -4.83595
1.35386 0.207613 -8.57272
0.264354 0.285354 -4.87283
0.273697 0.285004 -4.89636
1.29093 0.187154 -8.45065
0.399303 0.288719 -4.9802
0.279787 0.292249 -5.01241
0.273505 0.295461 -5.03523
0.617499 0.440557 -3.70175
0.645652 0.448327 -3.6146
0.776374 0.205865 -6.30051
0.667226 0.48107 -3.4564
0.550934 0.180073 -6.37995
0.125356 0.240343 -4.17286
0.0777864 0.23415 -3.82804
0.0201932 0.224149 -3.27246
0.18599 0.233422 -3.79445
0.276028 0.246863 -4.56754
0.253945 0.241431 -4.24075
0.489273 0.292468 -7.02766
0.342384 0.257941 -5.16599
0.207608 0.132982 1.74905
0.345345 0.23594 -3.89826
0.356824 0.228352 -3.52498
0.372237 0.237907 -4.01174
0.386836 0.233832 -3.82932
0.107881 0.253133 -4.3003
0.106356 0.252607 -4.24334
0.103267 0.251963 -4.17353
0.126879 0.252571 -4.24083
0.123278 0.25184 -4.16155
0.14731 0.252523 -4.23709
0.174783 0.254042 -4.34074
0.195278 0.254641 -4.41083
0.2263 0.251954 -4.18102
0.224615 0.249979 -4.04653
0.197961 0.245685 -3.60507
0.24285 0.249199 -3.96787
0.3426 0.247329 -3.68882
0.360449 0.251492 -4.14029
0.372581 0.249503 -3.92594
0.38388 0.251538 -4.06833
0.390717 0.253571 -4.36716
0.122475 0.263665 -4.49007
0.107738 0.263629 -4.38788
0.127026 0.263643 -4.43356
0.128534 0.263629 -4.39834
0.129371 0.263613 -4.35694
0.252771 0.263622 -4.43455
0.25198 0.263583 -4.33239
0.281353 0.264131 -4.55219
0.360705 0.263515 -4.20114
0.396418 0.264122 -4.50689
0.121115 0.271423 -4.61123
0.125262 0.271532 -4.59851
0.129266 0.271653 -4.58436
0.133105 0.271789 -4.56857
0.251736 0.271688 -4.63483
0.385898 0.271962 -4.60923
0.395398 0.272587 -4.54025
0.402561 0.272295 -4.57289
0.409298 0.27203 -4.60252
0.131082 0.277212 -4.74359
0.128204 0.277777 -4.71189
0.133248 0.27788 -4.70633
0.138259 0.277992 -4.7003
0.1517 0.277553 -4.72546
0.256954 0.277609 -4.72696
0.261886 0.277845 -4.71394
0.274576 0.276961 -4.76396
0.279477 0.277188 -4.75145
0.284341 0.277459 -4.73652
0.385385 0.279404 -4.63227
0.392357 0.279031 -4.65339
0.399007 0.278679 -4.67336
0.405403 0.278361 -4.69142
0.409662 0.277852 -4.74107
0.1313 0.282021 -4.82065
0.135498 0.281821 -4.81615
0.140923 0.281856 -4.81509
0.146343 0.281893 -4.81395
0.262674 0.282448 -4.81117
0.273525 0.281465 -4.84774
0.278851 0.281531 -4.84554
0.284156 0.281612 -4.84284
0.289442 0.281709 -4.83953
0.394947 0.283366 -4.78374
0.400976 0.283224 -4.78922
0.406928 0.283089 -4.79446
0.411005 0.282556 -4.82632
0.136215 0.285422 -4.89689
0.137114 0.285856 -4.88509
0.136601 0.286149 -4.86886
0.142439 0.286685 -4.85434
0.154417 0.286282 -4.87433
0.164717 0.285717 -4.89024
0.268659 0.284751 -4.9216
0.269952 0.28565 -4.89715
0.280721 0.285567 -4.89994
0.286061 0.28553 -4.90121
0.405863 0.285654 -4.91144
0.411224 0.285749 -4.90913
0.414819 0.284939 -4.93108
0.14263 0.2889 -4.94055
0.14326 0.289134 -4.92965
0.14466 0.289566 -4.92023
0.150131 0.289505 -4.92183
0.1556 0.289442 -4.9235
0.268573 0.288738 -4.95028
0.273854 0.288596 -4.95361
0.279095 0.288451 -4.95702
0.28429 0.288303 -4.96049
0.409764 0.289916 -4.93166
0.415771 0.288002 -4.97896
0.139786 0.290583 -5.00968
0.141456 0.290678 -5.00398
0.143818 0.290932 -4.99958
0.142297 0.291465 -4.98567
0.147609 0.291348 -4.98804
0.14979 0.291658 -4.98257
0.155113 0.291538 -4.98499
0.275041 0.290533 -5.01323
0.275154 0.291931 -4.98826
0.282705 0.290844 -5.00806
0.287704 0.290589 -5.01286
0.406976 0.290067 -5.03211
0.411567 0.290356 -5.02724
0.416233 0.290635 -5.02253
0.139647 0.293009 -5.03664
0.145345 0.292991 -5.04046
0.147485 0.293632 -5.02751
0.147424 0.294257 -5.01795
0.152603 0.294104 -5.02054
0.273268 0.294119 -5.02638
0.281741 0.292766 -5.05072
0.286524 0.292439 -5.05591
0.406444 0.294008 -5.03813
0.410026 0.293548 -5.04528
0.413613 0.293519 -5.04918
0.417135 0.293151 -5.05489
0.146922 0.295613 -5.06059
0.29017 0.295118 -5.077
0.40642 0.295073 -5.08606
0.414065 0.29521 -5.08465
0.417473 0.294953 -5.08818
0.420835 0.294706 -5.09158
0.144146 0.296686 -5.09863
0.147126 0.296774 -5.09776
0.147846 0.297052 -5.09239
0.147095 0.297786 -5.08374
0.276466 0.297136 -5.1001
0.280941 0.296735 -5.105
0.284005 0.29694 -5.10277
0.288404 0.296526 -5.10781
0.410273 0.29624 -5.12147
0.414917 0.296968 -5.11121
0.418987 0.297392 -5.1065
0.420094 0.295863 -5.12631
0.149893 0.298802 -5.11619
0.153386 0.29896 -5.11652
0.27949 0.298283 -5.12997
0.289877 0.298044 -5.13299
0.414231 0.297726 -5.14605
0.417423 0.297682 -5.14666
0.420606 0.297639 -5.14727
0.278336 0.299528 -5.15291
0.286214 0.298902 -5.16061
0.288477 0.299109 -5.15735
0.29152 0.299131 -5.1573
0.411577 0.298902 -5.16844
0.415688 0.299627 -5.16047
0.420819 0.298967 -5.16832
0.422828 0.298391 -5.17515