3.34502 -0.466944 -4.87635
3.09324 -0.448872 -4.57556
1.87103 -0.302036 -2.42151
1.22338 -0.223294 -1.26911
10.8948 -1.71012 -18.9279
9.37506 -1.5384 -16.5831
8.52387 -1.44698 -15.4109
-3.65783 0.528496 7.41191
-4.98045 0.758526 9.86752
-4.68498 0.736475 9.54178
-7.90737 1.32796 15.6656
-1.76507 0.241947 4.05782
-2.49581 0.378807 5.33299
-2.38327 0.368718 5.2298
-2.60307 0.424454 5.70305
-2.47835 0.41223 5.58095
-1.19176 0.152226 3.0552
-1.21299 0.159614 3.12166
-1.4877 0.218886 3.60362
-1.54078 0.23596 3.73887
-1.60711 0.25663 3.9029
-1.21203 0.167237 3.02201
-1.13486 0.154714 2.93539
-1.08589 0.149686 2.8892
-1.1082 0.156722 2.95327
-1.06036 0.151678 2.90676
-0.964917 0.136237 2.77903
-0.981457 0.128861 2.63335
-0.951653 0.125782 2.61183
-1.08201 0.156745 2.82704
-1.10786 0.167937 2.89368
-0.990451 0.145808 2.7402
-1.01051 0.152874 2.79703
-0.906413 0.118884 2.48822
-0.922578 0.125046 2.52885
-0.882821 0.122966 2.51072
-0.894359 0.129197 2.54754
-0.872518 0.116618 2.40819
-0.863663 0.117464 2.41249
-0.854835 0.118329 2.4169
-0.846034 0.119217 2.42143
-0.837264 0.120128 2.42609
-0.809131 0.116595 2.4029
-0.809997 0.107334 2.29808
-0.800451 0.107615 2.29937
-0.801005 0.110501 2.31393
-0.781364 0.108158 2.30186
-0.803354 0.116913 2.3463
-0.741071 0.0945802 2.18792
-0.762617 0.102158 2.22569
-0.753081 0.102146 2.22566
-0.740666 0.101815 2.22203
-0.779409 0.112597 2.28432
-0.746324 0.0991589 2.17226
-0.734712 0.0988184 2.16914
-0.725351 0.0986171 2.16841
-0.707833 0.0965093 2.15761
-0.725191 0.103524 2.1902

0.750918 -0.131647 -0.24815
0.708278 -0.132314 -0.217094
0.500842 -0.112318 0.144756
1.54361 -0.256603 -1.65741
1.45947 -0.252934 -1.5854
1.06468 -0.206616 -0.907461
0.980181 -0.200726 -0.809354
11.9359 -1.82565 -20.1856
5.86043 -0.957277 -9.58601
3.8169 -0.666102 -6.03012
-2.82533 0.390386 6.0345
-3.89162 0.581284 8.00632
-4.63565 0.727279 9.4988
-4.27251 0.684411 9.02914
-1.74132 0.233985 4.0709
-1.94982 0.279 4.47516
-1.85916 0.270107 4.38685
-1.77189 0.261292 4.29977
-1.99922 0.314432 4.77377
-1.51156 0.207358 3.6066
-1.46974 0.206694 3.58531
-1.56334 0.229605 3.77982
-1.42584 0.20966 3.60154
-1.43964 0.218785 3.67121
-1.13659 0.151218 2.99469
-1.17216 0.16313 3.07937
-1.10198 0.153506 3.00017
-0.998241 0.133512 2.76012
-0.946157 0.125212 2.70415
-0.917549 0.122044 2.68214
-0.889316 0.11241 2.54241
-0.937524 0.131271 2.65017
-0.924429 0.130748 2.65054
-0.910429 0.129991 2.64948
-0.847986 0.108993 2.45353
-0.801044 0.100701 2.40491
-0.838497 0.112464 2.4719
-0.839411 0.11577 2.48968
-0.787181 0.0990828 2.3456
-0.798194 0.104011 2.37279
-0.7747 0.101027 2.3552
-0.780343 0.105295 2.3766
-0.817857 0.107661 2.34602
-0.800237 0.105635 2.33652
-0.771672 0.10107 2.31298
-0.75749 0.100243 2.30711

0.275326 -0.0828056 0.692833
0.24237 -0.0804815 0.727847
0.204495 -0.0783727 0.775095
0.459437 -0.121096 0.345571
0.284645 -0.100334 0.647376
0.241996 -0.0971039 0.701995
1.29315 -0.253865 -1.08867
0.9241 -0.206056 -0.478225
0.545956 -0.153637 0.183882
0.444604 -0.141598 0.339891
0.349538 -0.129776 0.491882
3.90643 -0.710198 -5.61256
2.9794 -0.57494 -4.13007
2.45147 -0.500338 -3.30882
8.39565 -1.58797 -14.7828
-3.7472 0.590602 7.56209
-8.51832 1.4729 15.8882
-11.9073 2.15025 22.2051
-6.63737 1.1937 13.203
-8.20721 1.53999 16.4052
-1.9187 0.284448 4.37164
-2.12081 0.332499 4.7644
-2.46071 0.407499 5.40169
-2.21742 0.371809 5.07694
-1.95121 0.32516 4.68669
-1.44651 0.20716 3.53503
-1.5216 0.228693 3.69246
-1.46113 0.221851 3.6389
-1.46797 0.229579 3.69347
-1.47353 0.237366 3.74832
-1.14111 0.154508 3.01336
-1.16595 0.16428 3.07751
-1.15929 0.167233 3.09593
-1.15236 0.170228 3.1146
-1.26018 0.199634 3.31723
-1.09279 0.150895 2.8939
-1.1418 0.167402 2.98904
-1.10641 0.163232 2.96271
-1.07205 0.159095 2.93661
-1.06251 0.16101 2.94751
-0.82085 0.104488 2.43091
-0.805486 0.103499 2.42415
-0.807225 0.106082 2.43862

0.339461 -0.108042 0.588567
0.296559 -0.105211 0.639779
0.206705 -0.095033 0.79012
0.164943 -0.0925438 0.848092
0.128136 -0.08961 0.89852
0.682382 -0.172319 -0.0270711
0.494841 -0.148644 0.288176
0.437354 -0.143556 0.360572
0.380685 -0.138222 0.435495
0.272373 -0.123041 0.622958
2.06579 -0.414715 -2.42964
2.02457 -0.41896 -2.46261
1.22894 -0.290978 -1.06267
0.901851 -0.24145 -0.503732
1.29782 -0.322886 -1.36728
9.0208 -1.76456 -14.949
4.80287 -1.06567 -8.10324
-5.69879 1.02141 10.8831
-5.22477 0.953477 10.2841
-4.79954 0.891757 9.74064
-4.41658 0.835421 9.24521
-4.07049 0.78379 8.79178
-1.73192 0.266054 4.12819
-1.65932 0.257635 4.06088
-1.79378 0.294516 4.3384
-1.82635 0.310139 4.45365
-1.742 0.299273 4.36765
-1.25841 0.178465 3.30557
-1.29867 0.192565 3.40078
-1.25288 0.187081 3.36172
-1.29452 0.202351 3.46471
-1.38942 0.231567 3.66279
-1.06649 0.144066 2.96393
-1.08112 0.151498 3.00947
-1.04839 0.147514 2.98395
-1.03929 0.149305 2.99436
-0.955085 0.125047 2.76326
-0.970027 0.131405 2.80279
-0.947833 0.129962 2.79048
-0.948783 0.132955 2.81094
-0.95413 0.138085 2.83978
-0.945374 0.129675 2.73064
-0.939261 0.132129 2.7402
-0.915264 0.128997 2.7236
-0.917421 0.133055 2.74485
-0.78145 0.0960384 2.45762
-0.76276 0.0935248 2.44477

0.0300941 -0.0690367 1.19553
0.00322403 -0.067335 1.23109
-0.0229423 -0.065573 1.26727
-0.0483839 -0.0637508 1.30404
0.11145 -0.0894801 1.05706
0.0873175 -0.0874886 1.07984
0.00199624 -0.0775709 1.23772
-0.000202083 -0.0784197 1.22004
-0.0482655 -0.072715 1.30609
0.116639 -0.097802 1.10027
0.0775526 -0.0936837 1.15409
0.0444996 -0.0904278 1.19714
0.0126513 -0.0870056 1.24171
-0.017568 -0.0836306 1.28538
-5.77327 0.932224 12.1973
-1.75832 0.233164 4.72073
-0.865319 0.0727399 3.02725
-0.765246 0.056172 2.85089
-0.292063 -0.0360889 1.88444
-2.70335 0.425348 6.17475
-2.54534 0.407002 5.99584
-1.85978 0.282401 4.81849
-1.69572 0.256077 4.58891
-1.54223 0.231075 4.35399
-1.64294 0.240161 4.17455
-1.78351 0.274872 4.46979
-1.5704 0.238858 4.15666
-1.73031 0.280189 4.50482
-1.62853 0.265648 4.38169
-1.28649 0.176982 3.49302
-1.31092 0.187708 3.56993
-1.35945 0.211076 3.73712
-1.30196 0.20319 3.67734
-1.0762 0.140458 3.10182
-1.08885 0.146454 3.14615
-1.04707 0.141466 3.10658
-1.01401 0.137225 3.07771
-1.08505 0.158882 3.22541
-0.972419 0.122839 2.89936
-0.9592 0.122937 2.89946
-0.991449 0.133989 2.96977
-0.977556 0.134152 2.97021
-0.963376 0.134224 2.97011
-0.89963 0.110254 2.75709
-0.887383 0.110054 2.75577
-0.856466 0.105412 2.72697
-0.835672 0.102646 2.71156
-0.879251 0.117484 2.79612
-0.833313 0.0985137 2.63549
-0.821865 0.0980287 2.633
-0.838482 0.104929 2.67037
-0.834039 0.106591 2.67878
-0.800729 0.100314 2.64448
-0.796874 0.092665 2.5617
-0.791533 0.0936284 2.5663
-0.780799 0.0930144 2.56352
-0.780635 0.0955777 2.57561
-0.77504 0.0965531 2.58028

-0.00434446 -0.0629833 1.25482
-0.0300338 -0.0616526 1.29034
-0.0550382 -0.0602666 1.3265
-0.0972613 -0.0568019 1.40727
0.0849496 -0.083282 1.0855
0.0538252 -0.0811902 1.12712
-0.00258757 -0.0755424 1.22949
-0.0521361 -0.0709075 1.3236
-0.0765905 -0.0684723 1.35887
0.0554502 -0.0899258 1.18228
0.0244318 -0.0871571 1.2249
-0.0144459 -0.0830172 1.28652
-0.0529834 -0.0786036 1.35141
-0.0782248 -0.0760562 1.3897
-3.6458 0.527101 8.73664
-0.936054 0.073653 3.28067
-0.769013 0.0467501 2.95558
-0.00104524 -0.0929457 1.28236
-0.0297268 -0.0896922 1.32388
-0.142356 -0.0699845 1.5665
-3.33277 0.535404 7.90449
-2.97216 0.481381 7.33201
-2.08562 0.319951 5.6543
-1.06517 0.119585 3.58556
-0.700725 0.0461002 2.82851
-2.01394 0.308354 5.13744
-1.98385 0.31162 5.16102
-1.92182 0.308139 5.1233
-1.81994 0.295556 5.00334
-1.45959 0.22447 4.34036
-1.51182 0.220537 4.09529
-1.36469 0.195651 3.87976
-1.53446 0.239613 4.24339
-1.50387 0.239887 4.24232
-1.43381 0.230217 4.16117
-1.11845 0.145375 3.33541
-1.1289 0.152376 3.38455
-1.06862 0.142019 3.30843
-1.16424 0.169683 3.51398
-1.08051 0.154521 3.39567
-1.06169 0.154547 3.39442
-0.992051 0.123127 3.07361
-1.03122 0.135874 3.16137
-0.981237 0.127873 3.10305
-1.02187 0.141747 3.19817
-0.982379 0.136391 3.157
-0.920168 0.111251 2.91837
-0.91904 0.114235 2.93575
-0.906411 0.114178 2.93496
-0.904733 0.117194 2.9525
-0.891686 0.11705 2.95119
-0.851779 0.0987098 2.78104
-0.855989 0.102786 2.80312
-0.844149 0.102411 2.80086
-0.840133 0.104313 2.81105
-0.828155 0.103883 2.80849
-0.80484 0.0927743 2.69795
-0.78345 0.0896036 2.67979
-0.794746 0.095214 2.71014
-0.789562 0.0964566 2.71635
-0.777718 0.0860742 2.62312
-0.772197 0.0868359 2.62673
-0.776018 0.0905224 2.64401
-0.761598 0.0890589 2.63542
-0.760049 0.0906883 2.64489

-0.0425476 -0.0633273 1.34991
-0.0827906 -0.0596809 1.42345
-0.105283 -0.0584 1.45732
-0.14657 -0.0552903 1.54297
0.0199594 -0.0805036 1.23111
-0.00772809 -0.0785819 1.26928
-0.0582939 -0.073286 1.3658
-0.111252 -0.0667198 1.47375
-0.14086 -0.0642153 1.52975
0.0750206 -0.0992782 1.14338
0.0743666 -0.101108 1.10978
0.0128946 -0.0934128 1.22388
-0.0165763 -0.0906029 1.26738
-0.0817908 -0.0816607 1.40618
-0.661423 0.0244192 2.79822
-0.216318 -0.0575768 1.80717
-0.118931 -0.0776137 1.56727
-0.0234293 -0.0979982 1.31645
-0.0592917 -0.0932052 1.37684
-3.49802 0.589999 8.62836
-3.05871 0.518646 7.86993
-2.20709 0.357053 6.17525
-1.45415 0.206152 4.59938
-0.643364 0.032148 2.79131
-2.10146 0.34817 5.62303
-2.00319 0.337289 5.51722
-1.87405 0.317915 5.33441
-1.44318 0.227725 4.4902
-1.35117 0.19728 4.00673
-1.33536 0.199767 4.02444
-1.22998 0.181687 3.86531
-1.2895 0.201464 4.0332
-1.257 0.19984 4.01757
-1.1134 0.151112 3.48366
-1.09909 0.152202 3.49027
-1.08387 0.153088 3.49539
-1.01228 0.139764 3.39082
-0.949996 0.117802 3.1379
-0.936615 0.117879 3.13771
-0.970017 0.130154 3.22253
-0.985079 0.138799 3.27873
-0.861769 0.0970686 2.92923
-0.858651 0.0992362 2.94182
-0.855364 0.101449 2.95468
-0.834346 0.098499 2.93668
-0.85942 0.108619 3.00024
-0.830841 0.0929318 2.84781
-0.840606 0.0980062 2.87829
-0.824726 0.0999453 2.88581
-0.805866 0.0971775 2.87039
-0.771275 0.080646 2.73059
-0.789388 0.0876649 2.77009
-0.769121 0.0845249 2.75205
-0.758673 0.0838327 2.74849
-0.753093 0.0846952 2.75279
-0.77545 0.0844557 2.71309

-0.152235 -0.0560445 1.62986
-0.173053 -0.0542855 1.66212
-0.191139 -0.0531032 1.69198
-0.165623 -0.060641 1.68851
-0.183032 -0.0592526 1.71507
-0.176834 -0.060518 1.67161
-0.214863 -0.0567449 1.76312
-0.231128 -0.0551746 1.79215
-0.386062 -0.0290573 2.24796
-0.259686 -0.0513021 1.92844
-0.247199 -0.0544952 1.88395
-0.289317 -0.0477794 1.9843
-0.285014 -0.0494603 1.96161
-0.703101 0.0321268 2.9935
-0.504476 -0.0056424 2.53551
-0.497321 -0.00641442 2.52558
-0.446604 -0.0165265 2.4027
-0.376985 -0.0318401 2.22044
-0.965132 0.0957647 3.56093
-0.811389 0.0660804 3.24175
-0.717001 0.0468266 3.04649
-0.580259 0.0166832 2.73186
-1.03663 0.120491 3.63536
-0.937674 0.102062 3.45636
-0.867261 0.0880481 3.34037
-0.840322 0.0855889 3.30297
-0.832609 0.0868569 3.31309
-0.969013 0.112384 3.41674
-0.908488 0.101913 3.32395
-0.880816 0.0982901 3.29346
-0.883106 0.102576 3.33283
-0.848429 0.0970222 3.28649
-0.898105 0.100916 3.21707
-0.919838 0.109777 3.2863
-0.869826 0.100538 3.21258
-0.850897 0.0988702 3.19955
-0.810048 0.0914149 3.13985
-0.830297 0.0884639 3.0437
-0.872267 0.102421 3.14348
-0.814123 0.0902496 3.05445
-0.813003 0.0924814 3.07238
-0.788916 0.0893039 3.04718
-0.78432 0.0799641 2.92457
-0.772326 0.0791221 2.91921
-0.783688 0.0850025 2.95713
-0.762409 0.0819211 2.93543
-0.745614 0.0793991 2.91999
-0.755412 0.0751108 2.84481
-0.740499 0.0729414 2.83268
-0.728805 0.0722576 2.82664
-0.738625 0.0777623 2.85894
-0.723789 0.0754773 2.84619
-0.733152 0.0713133 2.78233
-0.753447 0.0795187 2.82799
-0.742878 0.0786296 2.82335
-0.727797 0.0766435 2.81117
-0.717488 0.0757002 2.80627
-0.781025 0.0951255 2.87298

-0.0832951 -0.0715728 1.39922
-0.131767 -0.0672654 1.51271
-0.107338 -0.0777135 1.50782
-0.131094 -0.0757006 1.54554
-0.200195 -0.0657385 1.72675
-0.572002 0.00374587 2.80962
-0.132863 -0.0825904 1.581
-0.200656 -0.0713032 1.75117
-1.34171 0.175903 4.81135
-1.03327 0.114484 4.05596
-1.23122 0.16564 4.36508
-1.18693 0.16149 4.31867
-1.12896 0.153193 4.22994
-1.1684 0.16693 4.15148
-1.03381 0.138123 3.87562
-0.864884 0.0955091 3.36059
-0.910433 0.111903 3.49757
-0.825665 0.0899219 3.22148
-0.834665 0.0954796 3.26551
-0.820957 0.0950081 3.26126
-0.78805 0.0830403 3.09871
-0.775981 0.082393 3.09393
-0.821664 0.0993495 3.21269
-0.748668 0.0746656 2.98453
-0.742942 0.0756311 2.98998
-0.732021 0.074836 2.98488
-0.737209 0.0738061 2.93218
-0.722697 0.0715061 2.91922
-0.70898 0.0698489 2.90775
-0.703616 0.065482 2.8454
-0.704053 0.0680874 2.85856
-0.688896 0.0654659 2.84339
-0.744899 0.0832024 2.90474

-0.0407355 -0.0844172 1.31543
-0.0464592 -0.0851215 1.28854
-0.130185 -0.0751397 1.51442
-0.0545051 -0.0948189 1.36043
-0.0838647 -0.0919273 1.41186
-0.192329 -0.0737682 1.72361
-2.06011 0.306026 7.00651
-1.53163 0.207118 5.65337
-1.38582 0.184 5.33254
-0.977216 0.0992556 4.18214
-1.45222 0.208321 5.20061
-1.66926 0.268179 5.91323
-1.25495 0.178697 4.84649
-1.15907 0.152585 4.28677
-1.07718 0.139253 4.13708
-1.12216 0.155754 4.31199
-1.02326 0.136758 4.10619
-0.950778 0.109193 3.68254
-0.956012 0.115247 3.73435
-0.940716 0.115738 3.73678
-0.924532 0.115984 3.73706
-0.858305 0.0944999 3.43341
-0.845063 0.0944446 3.43175
-0.831665 0.0943225 3.42958
-0.839989 0.101323 3.48354
-0.716544 0.0589254 3.06933
-0.770902 0.0769622 3.2088
-0.799406 0.0890447 3.29791
-0.797216 0.0913117 3.31749
-0.758711 0.0737322 3.12215
-0.747764 0.0731014 3.11748
-0.754387 0.0784946 3.15179
-0.737279 0.0757517 3.13346
-0.792346 0.0865837 3.15314
-0.775584 0.0846993 3.1384
-0.742614 0.0769007 3.0885
-0.697505 0.0650842 3.01071
-0.710503 0.0640681 2.96474
-0.692864 0.061091 2.94455
-0.719689 0.0717202 3.01
-0.710376 0.0715702 3.00676
-0.711769 0.0666114 2.94207
-0.672961 0.0605755 2.90611
-0.963936 0.157951 3.39319

-0.0534653 -0.085748 1.35118
-0.0858093 -0.0824137 1.41029
-0.0436854 -0.0986449 1.37274
-0.0725894 -0.096181 1.41906
-0.101196 -0.0933528 1.47092
-0.136637 -0.0890187 1.548
-1.03037 0.102472 4.39237
-0.929243 0.0847974 4.1408
-0.559865 0.00227685 2.98991
-1.46832 0.218767 5.47778
-1.61634 0.263247 6.02251
-1.38267 0.215266 5.44557
-1.27813 0.197071 5.22375
-1.27382 0.191822 4.83521
-1.12044 0.159472 4.48266
-1.08724 0.157308 4.45644
-0.990682 0.126001 3.96092
-0.975247 0.126932 3.9668
-0.95864 0.127557 3.96989
-0.90532 0.117919 3.8717
-0.876005 0.100029 3.59753
-0.847387 0.0963675 3.56047
-0.874821 0.108676 3.66403
-0.859481 0.108472 3.66064
-0.817837 0.0875681 3.40352
-0.824359 0.0934657 3.44538
-0.811423 0.0931258 3.44167
-0.789567 0.0896199 3.41493
-0.765684 0.0754396 3.24286
-0.754602 0.0748551 3.23815
-0.732736 0.0710071 3.20884
-0.750477 0.0801322 3.27132
-0.753756 0.0771522 3.19819
-0.748503 0.078438 3.20534
-0.718971 0.0718228 3.15916
-0.70833 0.0626349 3.05916
-0.69659 0.0613347 3.04955
-0.679173 0.0577389 3.02739
-0.67319 0.0580015 3.02839
-0.688775 0.0581193 2.99667
-0.6901 0.0606425 3.01085
-0.684184 0.0608512 3.01153
-0.692142 0.0666574 3.04098

-0.0902432 -0.0971376 1.47996
-0.165175 -0.0855509 1.69679
-0.217768 -0.0771836 1.85242
-0.504643 -0.0132379 2.87845
-0.3737 -0.0438601 2.44682
-0.375885 -0.0438487 2.44752
-1.14503 0.154359 4.85003
-0.905229 0.0968973 4.16925
-1.18193 0.175105 4.78059
-1.13625 0.170109 4.72336
-1.10219 0.168327 4.47951
-0.999584 0.14503 4.24922
-0.877269 0.107566 3.76914
-0.843381 0.102242 3.71705
-0.789897 0.0886587 3.51144
-0.76392 0.0795022 3.37294
-0.746052 0.0772242 3.35316
-0.71062 0.0647266 3.21359
-0.721105 0.07063 3.25395
-0.715281 0.0681794 3.19162
-0.699184 0.0653098 3.17259
-0.688821 0.060622 3.10912
-0.671208 0.0569263 3.08606

-0.233429 -0.0620523 1.98842
-0.25665 -0.0598356 2.04506
-0.270635 -0.058851 2.07162
-0.290618 -0.0567591 2.12434
-0.221265 -0.0726798 1.95027
-0.243163 -0.0697815 1.9975
-0.258198 -0.0684065 2.02596
-0.279882 -0.0654885 2.08318
-0.238651 -0.0757262 2.04726
-0.252509 -0.0744239 2.06901
-0.266478 -0.0728289 2.09493
-0.279995 -0.0711885 2.12136
-0.284415 -0.0717203 2.10866
-0.383408 -0.0434853 2.56112
-0.34069 -0.0558088 2.40662
-0.34803 -0.0547306 2.42102
-0.303849 -0.0687502 2.24022
-0.758605 0.0596231 3.71837
-0.672821 0.038614 3.48503
-0.426506 -0.0323659 2.7042
-0.442433 -0.0274085 2.75914
-0.954148 0.12087 4.19279
-0.903619 0.111342 4.09737
-0.878112 0.108263 4.07359
-0.765802 0.0777492 3.77423
-0.470491 -0.0174567 2.84999
-0.862047 0.0999269 3.8402
-0.920159 0.122099 4.043
-0.851598 0.106174 3.89583
-0.826142 0.102375 3.86113
-0.801749 0.0986601 3.82728
-0.844288 0.0988582 3.72421
-0.828213 0.0978281 3.7145
-0.842933 0.106813 3.78777
-0.894804 0.12931 3.97342
-0.834798 0.114051 3.8458
-0.788566 0.0851855 3.53139
-0.786046 0.0872727 3.54871
-0.762695 0.0834552 3.51674
-0.749733 0.0824827 3.5087
-0.740728 0.0830958 3.51168
-0.755718 0.0803282 3.43072
-0.744227 0.0795019 3.42439
-0.741287 0.0852479 3.46218
-0.711485 0.0671178 3.29268
-0.709548 0.0720712 3.32245
-0.694736 0.0697849 3.30586
-0.701424 0.0655498 3.24098
-0.707105 0.0702856 3.26797
-0.688719 0.0661106 3.24266
-0.682244 0.0663573 3.24331
-0.673216 0.0654527 3.23775
-0.675044 0.0575244 3.16088
-0.677603 0.0607649 3.17811
-0.671535 0.0608374 3.17791
-0.658698 0.0587294 3.16377

-0.281641 -0.0669701 2.16244
-0.299494 -0.06447 2.21014
-0.315738 -0.0620804 2.25552
-0.265176 -0.0764718 2.12958
-0.293084 -0.0712625 2.21614
-0.304991 -0.0696672 2.24129
-0.283689 -0.076428 2.23421
-0.294871 -0.0750379 2.25314
-0.306393 -0.0732404 2.27705
-0.456067 -0.0231582 2.89366
-0.410562 -0.0379735 2.73142
-0.40063 -0.0417834 2.69084
-0.672004 0.0526967 3.61022
-0.619214 0.0372474 3.46042
-0.59143 0.0301105 3.38708
-0.802233 0.101664 3.9454
-0.739038 0.0837586 3.78948
-0.692593 0.0708988 3.67247
-0.814207 0.109368 3.89018
-0.79085 0.105666 3.85976
-0.766939 0.101456 3.8255
-0.788768 0.10279 3.74445
-0.751618 0.0931096 3.67086
-0.725782 0.0879155 3.62922
-0.751118 0.0911615 3.58695
-0.752009 0.0950581 3.61434
-0.781442 0.111151 3.72465
-0.707709 0.0761937 3.43259
-0.703514 0.0780351 3.44249
-0.690103 0.0706069 3.35506
-0.706017 0.0800143 3.40992
-0.688734 0.0762436 3.38631
-0.678157 0.0674252 3.29873
-0.669666 0.0665224 3.29355

-0.244796 -0.0763141 2.01042
-0.270068 -0.0725338 2.08834
-0.284364 -0.0710895 2.11936
-0.304242 -0.0674572 2.18358
-0.22469 -0.0920307 1.92066
-0.249975 -0.0870815 1.99265
-0.275763 -0.082063 2.07647
-0.293072 -0.0796821 2.12584
-0.151374 -0.122939 1.65099
-0.191498 -0.114093 1.7737
-0.238995 -0.101654 1.94445
-0.266681 -0.0951196 2.03471
-0.198148 -0.11502 1.91777
-0.205298 -0.116721 1.90016
-0.224364 -0.113472 1.93974
-1.6893 0.441282 7.70044
-0.723034 0.0847502 4.07511
-0.644166 0.0586471 3.79983
-1.32538 0.31213 5.99964
-1.01809 0.206362 5.01052
-0.971724 0.197207 4.92508
-1.02912 0.233988 5.26277
-0.972045 0.190456 4.68322
-1.0589 0.236413 5.06399
-0.898385 0.179025 4.57494
-0.837861 0.138158 4.12904
-0.837601 0.144977 4.17693
-0.874587 0.168467 4.35408
-0.757251 0.106843 3.80687
-0.738059 0.103188 3.78105
-0.712004 0.0967816 3.73311
-0.706416 0.0865637 3.60573
-0.70644 0.0901813 3.62988
-0.691132 0.0879334 3.6119
-0.796158 0.125226 3.79359
-0.852241 0.154781 3.97277
-0.67144 0.0796976 3.50942
-0.671462 0.0766773 3.4517
-0.665865 0.0775094 3.45527
-0.64843 0.064071 3.3492
-0.639129 0.0628249 3.34096

-0.273847 -0.068478 2.1677
-0.287734 -0.0671584 2.19893
-0.307349 -0.0642134 2.26541
-0.319467 -0.0628733 2.29657
-0.33098 -0.0615018 2.3282
-0.280307 -0.0747742 2.20485
-0.293663 -0.0731547 2.23525
-0.339058 -0.0608146 2.45885
-0.318765 -0.0699248 2.29551
-0.350864 -0.0564797 2.59421
-0.357334 -0.0555081 2.60915
-0.363615 -0.054481 2.62483
-0.346855 -0.0627897 2.50528
-0.34672 -0.0650738 2.47337
-0.72624 0.0744355 4.2784
-0.52867 0.00737503 3.43857
-0.51893 0.00585551 3.41852
-0.509894 0.00444232 3.39988
-0.44285 -0.0227528 3.06183
-0.493752 0.00193984 3.36684
-0.743986 0.0905161 4.2823
-0.697225 0.0783235 4.14653
-0.636645 0.0588962 3.93268
-0.618071 0.0557152 3.89612
-0.556892 0.0322175 3.63962
-0.732607 0.0888711 4.11613
-0.71947 0.0897115 4.12175
-0.696696 0.0857712 4.08137
-0.667225 0.0787555 4.01133
-0.647366 0.075179 3.97481
-0.721039 0.0868107 3.97964
-0.711723 0.0882123 3.98988
-0.691314 0.0846018 3.95653
-0.678992 0.0846404 3.95491
-0.629918 0.0677592 3.80124
-0.681519 0.0732233 3.77188
-0.665169 0.0703741 3.74794
-0.65756 0.071373 3.75435
-0.648757 0.0719029 3.75704
-0.638502 0.0717765 3.75456
-0.62335 0.0688961 3.73056
-0.658644 0.0685792 3.66745
-0.652496 0.0697965 3.675
-0.645766 0.0708359 3.68124
-0.631524 0.0681198 3.66042
-0.605626 0.0598408 3.5963
-0.646414 0.0639672 3.58048
-0.641121 0.0650993 3.58698
-0.55403 0.0311539 3.34924
-0.607724 0.0605174 3.55046
-0.630772 0.0551136 3.47799
-0.614835 0.0512869 3.45121
-0.604605 0.049374 3.43861
-0.609225 0.0546713 3.47038
-0.603615 0.0551072 3.47221
-0.602462 0.0579723 3.48891
-0.622951 0.0527227 3.42619
-0.617897 0.0531257 3.42776
-0.608224 0.0518043 3.41747
-0.602927 0.0520748 3.41828
-0.597564 0.0523269 3.41897
-0.583635 0.0484993 3.39455
-0.614127 0.0496122 3.37727
-0.605825 0.0486297 3.36969
-0.600807 0.048757 3.36972
-0.607329 0.0542383 3.40018
-0.598163 0.0524114 3.38966
-0.602581 0.0453649 3.32721
-0.592237 0.0430569 3.31366
-0.596205 0.0469298 3.33395
-0.589312 0.0480178 3.33965
-0.581622 0.0469307 3.3322
-0.602527 0.0441242 3.29803
-0.6 0.0447044 3.30145
-0.595353 0.0446273 3.30056
-0.585924 0.0425015 3.28876
-0.583883 0.0436789 3.29383
-0.579234 0.043552 3.29271
-0.574228 0.0428846 3.29018

